   286779.031      0.998609304    
   298025.219      0.998566151    
   309271.406      0.998527706    
   320517.562      0.998498321    
   331763.750      0.998461783    
   343009.906      0.998427510    
   354256.094      0.998392165    
   365502.469      0.998360157    
   376748.625      0.998337388    
   387994.812      0.998318493    
   399240.969      0.998291373    
   410487.156      0.998252928    
   421733.375      0.998219669    
   432979.531      0.998189449    
   444225.688      0.998165369    
   455471.875      0.998142600    
   466718.094      0.998107553    
   477964.250      0.998077989    
   489210.406      0.998055577    
   500456.594      0.998022139    
   511702.812      0.998001158    
   522948.969      0.997977495    
   534195.125      0.997951269    
   545441.500      0.997931063    
   556687.938      0.997912169    
   567934.125      0.997893989    
   579180.312      0.997872531    
   590426.500      0.997849226    
   601672.625      0.997829497    
   612918.812      0.997805357    
   624165.000      0.997787654    
   635411.188      0.997764647    
   646657.312      0.997731686    
   657903.500      0.997710288    
   669149.688      0.997691333    
   680395.812      0.997664213    
   691642.062      0.997636616    
   702888.250      0.997626960    
   714134.375      0.997605383    
   725380.812      0.997588515    
   736627.188      0.997570515    
   747873.375      0.997550368    
   759119.625      0.997528672    
   770365.750      0.997515082    
   781611.938      0.997499287    
   792858.062      0.997476220    
   804104.250      0.997462332    
   815350.375      0.997437954    
   826596.562      0.997423410    
   837842.750      0.997398376    
   849088.938      0.997379363    
   860335.125      0.997359157    
   871581.250      0.997351468    
   882827.438      0.997331440    
   894073.625      0.997319579    
   905320.000      0.997298956    
   916566.375      0.997290969    
   927812.562      0.997267783    
   939058.750      0.997253954    
   950304.875      0.997235477    
   961551.062      0.997213840    
   972797.250      0.997207880    
   984043.438      0.997192919    
   995289.625      0.997171700    
   1006535.75      0.997148573    
   1017781.94      0.997129381    
   1029028.06      0.997113645    
   1040274.25      0.997102141    
   1051520.38      0.997080624    
   1062766.62      0.997065902    
   1074012.75      0.997047782    
   1085259.25      0.997028172    
   1096505.62      0.997014821    
   1107751.75      0.997002244    
   1118997.88      0.996984661    
   1130244.12      0.996959865    
   1141490.38      0.996933520    
   1152736.50      0.996913135    
   1163982.62      0.996895194    
   1175228.75      0.996879518    
   1186475.00      0.996866584    
   1197721.25      0.996838927    
   1208967.38      0.996828854    
   1220213.62      0.996801376    
   1231459.75      0.996780694    
   1242705.88      0.996769667    
   1253952.12      0.996761799    
   1265198.50      0.996735990    
   1276444.88      0.996713042    
   1287691.12      0.996695697    
   1298937.25      0.996672869    
   1310183.50      0.996656358    
   1321429.62      0.996643603    
   1332675.75      0.996626616    
   1343921.88      0.996602118    
   1355168.00      0.996585071    
   1366414.25      0.996574938    
   1377660.50      0.996569395    
   1388906.75      0.996539056    
   1400152.75      0.996528327    
   1411399.00      0.996512234    
   1422645.25      0.996498823    
   1433891.62      0.996474028    
   1445138.12      0.996456742    
   1456384.50      0.996439993    
   1467630.75      0.996423423    
   1478876.75      0.996400774    
   1490122.88      0.996385515    
   1501369.12      0.996359408    
   1512615.38      0.996341527    
   1523861.50      0.996323466    
   1535107.62      0.996304631    
   1546353.88      0.996291518    
   1557600.00      0.996271193    
   1568846.25      0.996256411    
   1580092.50      0.996237695    
   1591338.50      0.996225715    
   1602584.75      0.996200860    
   1613831.25      0.996176898    
   1625077.62      0.996160567    
   1636324.00      0.996143043    
   1647570.12      0.996128261    
   1658816.38      0.996106088    
   1670062.50      0.996086299    
   1681308.62      0.996065438    
   1692554.88      0.996048570    
   1703801.12      0.996034801    
   1715047.25      0.996016026    
   1726293.50      0.995997250    
   1737539.62      0.995981991    
   1748785.75      0.995961010    
   1760032.00      0.995953321    
   1771278.25      0.995932937    
   1782524.38      0.995918751    
   1793770.50      0.995900750    
   1805017.00      0.995880842    
   1816263.38      0.995863140    
   1827509.62      0.995845318    
   1838755.62      0.995829344    
   1850001.88      0.995823383    
   1861248.12      0.995804846    
   1872494.25      0.995787501    
   1883740.50      0.995773673    
   1894986.75      0.995755136    
   1906232.75      0.995736599    
   1917479.00      0.995720208    
   1928725.25      0.995701730    
   1939971.38      0.995672762    
   1951217.50      0.995671391    
   1962463.62      0.995649397    
   1973709.75      0.995640516    
   1984956.12      0.995620012    
   1996202.25      0.995605648    
   2007448.50      0.995588899    
   2018694.75      0.995566547    
   2029940.75      0.995548487    
   2041187.00      0.995529354    
   2052433.25      0.995513439    
   2063679.38      0.995499372    
   2074925.62      0.995480418    
   2086171.88      0.995467067    
   2097418.00      0.995445192    
   2108664.00      0.995426774    
   2119910.25      0.995414197    
   2131156.50      0.995395064    
   2142402.50      0.995374739    
   2153649.00      0.995353103    
   2164895.25      0.995339811    
   2176141.50      0.995332003    
   2187387.75      0.995319903    
   2198634.00      0.995303810    
   2209880.25      0.995292902    
   2221126.25      0.995280981    
   2232372.25      0.995266736    
   2243618.50      0.995254219    
   2254864.75      0.995240688    
   2266110.75      0.995222628    
   2277357.00      0.995210290    
   2288603.25      0.995182753    
   2299849.25      0.995165110    
   2311095.50      0.995145738    
   2322341.75      0.995134652    
   2333588.25      0.995122313    
   2344834.50      0.995112181    
   2356081.00      0.995099545    
   2367327.25      0.995080233    
   2378573.25      0.995066881    
   2389819.25      0.995055318    
   2401065.50      0.995040298    
   2412311.75      0.995017827    
   2423558.00      0.995011091    
   2434804.25      0.995002389    
   2446050.50      0.994987130    
   2457296.50      0.994969487    
   2468542.75      0.994960546    
   2479789.00      0.994944334    
   2491035.00      0.994915247    
   2502281.25      0.994904041    
   2513527.50      0.994887471    
   2524774.00      0.994877696    
   2536020.25      0.994854569    
   2547266.25      0.994842291    
   2558512.50      0.994823515    
   2569758.75      0.994813204    
   2581004.75      0.994806468    
   2592251.00      0.994797051    
   2603497.25      0.994781494    
   2614743.25      0.994764864    
   2625989.50      0.994753718    
   2637235.75      0.994740665    
   2648482.00      0.994730711    
   2659728.25      0.994716585    
   2670974.50      0.994710445    
   2682220.50      0.994695902    
   2693466.50      0.994681239    
   2704713.00      0.994662941    
   2715959.00      0.994651735    
   2727205.00      0.994630814    
   2738451.25      0.994626641    
   2749697.25      0.994614661    
   2760943.25      0.994595349    
   2772189.75      0.994577408    
   2783436.25      0.994567156    
   2794682.25      0.994543552    
   2805928.25      0.994537890    
   2817174.50      0.994519114    
   2828420.50      0.994511485    
   2839667.00      0.994495988    
   2850913.25      0.994482815    
   2862159.25      0.994464338    
   2873405.50      0.994455278    
   2884651.75      0.994433045    
   2895898.25      0.994422197    
   2907144.25      0.994405687    
   2918390.50      0.994395316    
   2929636.50      0.994385064    
   2940882.50      0.994369805    
   2952128.75      0.994359136    
   2963375.00      0.994347215    
   2974621.50      0.994334638    
   2985867.50      0.994316697    
   2997113.50      0.994301021    
   3008359.75      0.994286895    
   3019605.75      0.994274080    
   3030852.25      0.994247437    
   3042098.50      0.994233489    
   3053344.75      0.994236350    
   3064591.00      0.994227231    
   3075837.50      0.994209826    
   3087083.75      0.994196653    
   3098330.25      0.994188666    
   3109576.25      0.994179010    
   3120822.50      0.994164824    
   3132068.50      0.994148254    
   3143314.50      0.994129360    
   3154561.00      0.994106591    
   3165807.25      0.994092584    
   3177053.50      0.994086087    
   3188299.50      0.994067609    
   3199545.50      0.994054854    
   3210791.75      0.994039774    
   3222037.75      0.994022608    
   3233284.25      0.994005561    
   3244530.50      0.993990004    
   3255777.00      0.993971169    
   3267023.00      0.993970156    
   3278269.50      0.993954003    
   3289515.75      0.993947983    
   3300762.00      0.993929982    
   3312008.00      0.993912101    
   3323254.00      0.993896723    
   3334500.25      0.993877351    
   3345746.25      0.993862450    
   3356992.75      0.993860483    
   3368238.75      0.993842840    
   3379484.75      0.993836820    
   3390731.00      0.993822575    
   3401977.00      0.993815601    
   3413223.00      0.993814290    
   3424469.50      0.993806899    
   3435715.75      0.993797004    
   3446962.00      0.993789136    
   3458208.00      0.993770301    
   3469454.00      0.993763983    
   3480700.50      0.993746638    
   3491946.50      0.993735790    
   3503192.75      0.993720770    
   3514438.75      0.993705392    
   3525684.75      0.993693411    
   3536931.00      0.993681133    
   3548177.25      0.993673265    
   3559423.75      0.993654728    
   3570669.75      0.993648827    
   3581915.75      0.993643343    
   3593162.25      0.993645072    
   3604408.75      0.993629932    
   3615655.00      0.993609667    
   3626901.00      0.993594646    
   3638147.25      0.993584216    
   3649393.25      0.993565083    
   3660639.25      0.993555605    
   3671885.75      0.993547499    
   3683132.25      0.993537545    
   3694378.25      0.993524492    
   3705624.25      0.993513644    
   3716870.50      0.993503094    
   3728116.50      0.993495107    
   3739363.00      0.993480861    
   3750609.25      0.993470311    
   3761855.25      0.993458927    
   3773101.75      0.993442059    
   3784348.25      0.993442237    
   3795594.50      0.993424594    
   3806841.00      0.993431449    
   3818087.00      0.993435979    
   3829333.00      0.993423998    
   3840579.25      0.993415296    
   3851825.25      0.993407726    
   3863071.75      0.993396461    
   3874318.00      0.993388236    
   3885564.25      0.993379831    
   3896810.25      0.993384004    
   3908056.25      0.993379593    
   3919302.50      0.993367612    
   3930548.50      0.993354201    
   3941795.00      0.993346691    
   3953041.25      0.993336618    
   3964287.75      0.993324518    
   3975534.00      0.993312836    
   3986780.50      0.993303239    
   3998027.00      0.993292451    
   4009273.00      0.993281782    
   4020519.00      0.993271410    
   4031765.00      0.993259788    
   4043011.25      0.993249595    
   4054257.50      0.993234992    
   4065504.00      0.993224263    
   4076750.00      0.993220389    
   4087996.25      0.993213475    
   4099242.25      0.993200243    
   4110488.25      0.993190050    
   4121734.75      0.993190527    
   4132981.00      0.993173361    
   4144227.50      0.993163049    
   4155473.50      0.993148267    
   4166719.75      0.993141413    
   4177966.00      0.993122399    
   4189212.50      0.993108809    
   4200458.50      0.993101358    
   4211704.50      0.993096471    
   4222950.50      0.993081868    
   4234197.00      0.993064821    
   4245443.00      0.993051827    
   4256689.50      0.993043721    
   4267935.50      0.993041217    
   4279181.50      0.993033171    
   4290427.50      0.993018746    
   4301674.00      0.993000925    
   4312920.50      0.992994308    
   4324166.50      0.992992878    
   4335413.00      0.992989063    
   4346659.00      0.992963731    
   4357905.00      0.992951632    
   4369151.00      0.992932975    
   4380397.50      0.992915571    
   4391643.50      0.992908537    
   4402889.50      0.992891669    
   4414135.50      0.992879510    
   4425382.00      0.992862701    
   4436628.00      0.992848277    
   4447874.00      0.992842436    
   4459120.50      0.992827475    
   4470366.50      0.992807627    
   4481613.00      0.992798090    
   4492859.00      0.992791235    
   4504105.50      0.992781997    
   4515351.50      0.992767096    
   4526598.00      0.992753208    
   4537844.00      0.992743969    
   4549090.00      0.992729664    
   4560336.00      0.992710173    
   4571582.50      0.992693543    
   4582829.00      0.992690563    
   4594075.00      0.992675185    
   4605321.00      0.992666006    
   4616567.00      0.992655396    
   4627813.00      0.992647111    
   4639059.50      0.992639840    
   4650306.00      0.992628932    
   4661552.00      0.992609918    
   4672798.50      0.992591798    
   4684044.50      0.992577732    
   4695291.00      0.992565632    
   4706537.50      0.992546678    
   4717783.50      0.992535412    
   4729029.50      0.992524028    
   4740275.50      0.992517114    
   4751521.50      0.992512763    
   4762768.00      0.992501438    
   4774014.50      0.992489398    
   4785260.50      0.992485285    
   4796506.50      0.992474079    
   4807752.50      0.992465377    
   4818998.50      0.992458284    
   4830245.00      0.992441535    
   4841491.00      0.992440701    
   4852737.50      0.992428362    
   4863983.50      0.992425740    
   4875230.00      0.992413163    
   4886476.00      0.992398500    
   4897722.50      0.992391765    
   4908968.50      0.992391288    
   4920214.50      0.992386341    
   4931461.00      0.992370009    
   4942707.00      0.992362440    
   4953953.00      0.992348313    
   4965199.50      0.992342710    
   4976445.50      0.992331982    
   4987691.50      0.992325068    
   4998937.50      0.992319345    
   5010183.50      0.992305219    
   5021430.00      0.992296278    
   5032676.00      0.992281258    
   5043922.50      0.992260814    
   5055168.50      0.992242455    
   5066414.50      0.992226422    
   5077661.00      0.992226243    
   5088907.50      0.992229223    
   5100153.50      0.992210746    
   5111399.50      0.992203653    
   5122646.00      0.992197096    
   5133892.00      0.992190599    
   5145138.00      0.992168665    
   5156384.50      0.992165148    
   5167630.50      0.992159247    
   5178877.00      0.992146909    
   5190123.00      0.992138684    
   5201369.00      0.992121637    
   5212615.50      0.992108822    
   5223862.00      0.992108226    
   5235108.00      0.992106020    
   5246354.00      0.992099822    
   5257600.00      0.992097020    
   5268846.00      0.992096782    
   5280092.50      0.992085874    
   5291339.00      0.992078722    
   5302585.00      0.992079794    
   5313831.00      0.992069721    
   5325077.00      0.992061555    
   5336323.00      0.992052674    
   5347569.50      0.992035389    
   5358816.00      0.992024541    
   5370062.00      0.992013693    
   5381308.00      0.991994023    
   5392554.00      0.991979241    
   5403800.50      0.991963506    
   5415046.50      0.991957784    
   5426292.50      0.991940260    
   5437538.50      0.991926193    
   5448784.50      0.991918385    
   5460030.50      0.991902947    
   5471277.00      0.991895854    
   5482523.00      0.991884053    
   5493769.00      0.991876543    
   5505015.00      0.991867363    
   5516262.00      0.991855025    
   5527508.00      0.991844356    
   5538754.00      0.991834462    
   5550000.00      0.991819859    
   5561246.00      0.991803050    
   5572492.00      0.991795301    
   5583738.00      0.991787672    
   5594984.50      0.991788805    
   5606230.50      0.991790175    
   5617476.50      0.991781533    
   5628722.50      0.991770267    
   5639969.50      0.991759539    
   5651215.50      0.991740286    
   5662461.50      0.991733849    
   5673707.50      0.991726637    
   5684953.50      0.991725087    
   5696200.50      0.991711199    
   5707446.50      0.991707027    
   5718692.50      0.991689384    
   5729938.50      0.991680384    
   5741184.50      0.991679668    
   5752430.50      0.991658390    
   5763677.50      0.991655290    
   5774923.50      0.991647542    
   5786169.50      0.991635263    
   5797415.50      0.991623104    
   5808662.00      0.991607666    
   5819908.50      0.991583347    
   5831154.50      0.991564870    
   5842400.50      0.991566777    
   5853646.50      0.991553664    
   5864893.00      0.991535366    
   5876139.00      0.991531193    
   5887385.00      0.991513073    
   5898631.50      0.991502166    
   5909878.00      0.991497517    
   5921124.00      0.991496205    
   5932370.00      0.991489947    
   5943616.50      0.991489708    
   5954862.50      0.991479576    
   5966109.00      0.991470277    
   5977355.00      0.991456389    
   5988601.00      0.991446912    
   5999847.00      0.991448581    
   6011093.00      0.991434932    
   6022340.00      0.991426766    
   6033586.00      0.991413414    
   6044832.00      0.991407454    
   6056078.00      0.991402268    
   6067324.00      0.991395712    
   6078570.00      0.991392732    
   6089816.50      0.991387486    
   6101063.00      0.991380453    
   6112309.00      0.991377413    
   6123556.00      0.991367340    
   6134802.00      0.991357028    
   6146048.50      0.991351008    
   6157294.50      0.991333306    
   6168541.00      0.991320133    
   6179787.00      0.991309345    
   6191033.00      0.991301954    
   6202279.00      0.991291881    
   6213525.00      0.991283715    
   6224772.00      0.991276920    
   6236018.00      0.991249859    
   6247264.00      0.991234899    
   6258510.00      0.991229653    
   6269756.00      0.991218865    
   6281003.00      0.991206646    
   6292249.00      0.991190135    
   6303495.50      0.991179824    
   6314742.00      0.991178572    
   6325988.00      0.991163492    
   6337234.00      0.991163611    
   6348480.50      0.991155028    
   6359726.50      0.991144180    
   6370973.00      0.991136193    
   6382219.00      0.991138756    
   6393465.00      0.991137326    
   6404711.50      0.991117716    
   6415958.00      0.991108239    
   6427204.00      0.991105139    
   6438450.00      0.991083145    
   6449696.00      0.991075516    
   6460942.00      0.991066217    
   6472188.00      0.991056621    
   6483435.00      0.991043329    
   6494681.00      0.991035283    
   6505927.00      0.991026819    
   6517173.00      0.991022587    
   6528420.00      0.991009653    
   6539666.00      0.991004050    
   6550912.00      0.990995407    
   6562158.00      0.990977168    
   6573404.00      0.990968943    
   6584650.00      0.990960836    
   6595896.50      0.990952015    
   6607143.00      0.990933776    
   6618389.00      0.990909934    
   6629635.00      0.990899265    
   6640881.50      0.990886331    
   6652127.50      0.990880430    
   6663373.50      0.990872800    
   6674619.50      0.990869820    
   6685865.50      0.990865529    
   6697111.50      0.990848184    
   6708358.00      0.990833461    
   6719604.00      0.990828931    
   6730850.50      0.990815639    
   6742096.50      0.990807891    
   6753342.50      0.990799785    
   6764589.00      0.990784466    
   6775835.00      0.990771353    
   6787081.00      0.990757465    
   6798327.00      0.990760982    
   6809574.00      0.990754068    
   6820820.00      0.990739465    
   6832066.00      0.990734637    
   6843312.00      0.990737855    
   6854558.50      0.990725935    
   6865805.00      0.990717769    
   6877051.00      0.990716755    
   6888297.00      0.990699291    
   6899543.00      0.990683615    
   6910789.00      0.990681589    
   6922035.00      0.990671754    
   6933282.00      0.990666032    
   6944528.00      0.990649581    
   6955774.00      0.990632236    
   6967020.00      0.990629792    
   6978266.00      0.990625858    
   6989513.00      0.990611970    
   7000759.00      0.990605712    
   7012005.00      0.990596712    
   7023251.00      0.990585923    
   7034498.00      0.990582585    
   7045744.00      0.990574718    
   7056990.50      0.990568459    
   7068237.00      0.990554094    
   7079483.00      0.990541101    
   7090729.00      0.990529776    
   7101975.00      0.990525067    
   7113222.00      0.990510583    
   7124468.00      0.990507901    
   7135714.00      0.990500629    
   7146960.00      0.990489185    
   7158206.00      0.990478992    
   7169452.00      0.990472198    
   7180698.00      0.990478456    
   7191945.00      0.990466475    
   7203191.00      0.990456700    
   7214438.00      0.990440965    
   7225684.00      0.990425587    
   7236930.50      0.990414381    
   7248176.50      0.990413487    
   7259422.50      0.990414381    
   7270669.00      0.990404069    
   7281915.00      0.990388930    
   7293161.00      0.990378141    
   7304407.00      0.990369439    
   7315654.00      0.990354598    
   7326900.00      0.990349412    
   7338146.00      0.990340590    
   7349392.00      0.990342379    
   7360638.00      0.990332365    
   7371884.00      0.990324020    
   7383130.00      0.990326405    
   7394377.00      0.990314841    
   7405623.00      0.990290225    
   7416869.00      0.990286589    
   7428115.00      0.990279078    
   7439362.00      0.990259111    
   7450608.00      0.990256131    
   7461854.00      0.990246534    
   7473100.00      0.990236223    
   7484346.00      0.990230799    
   7495592.50      0.990221798    
   7506838.50      0.990214527    
   7518085.00      0.990213633    
   7529331.00      0.990201354    
   7540577.50      0.990190864    
   7551823.50      0.990179598    
   7563069.50      0.990170956    
   7574316.00      0.990159750    
   7585562.00      0.990150213    
   7596808.50      0.990129113    
   7608054.50      0.990113437    
   7619301.00      0.990093052    
   7630547.00      0.990083754    
   7641793.50      0.990079403    
   7653039.50      0.990073025    
   7664285.50      0.990064859    
   7675531.50      0.990054190    
   7686777.50      0.990041494    
   7698024.50      0.990035534    
   7709270.50      0.990028143    
   7720516.50      0.990015388    
   7731762.50      0.990018249    
   7743008.50      0.990005016    
   7754254.50      0.989999592    
   7765501.00      0.989988565    
   7776747.00      0.989977658    
   7787993.00      0.989967942    
   7799239.00      0.989955723    
   7810485.00      0.989940584    
   7821732.00      0.989929020    
   7832978.00      0.989916146    
   7844224.00      0.989912510    
   7855470.00      0.989909947    
   7866716.00      0.989908755    
   7877962.00      0.989900589    
   7889208.50      0.989889979    
   7900455.00      0.989884257    
   7911701.00      0.989872694    
   7922947.00      0.989872456    
   7934193.50      0.989856899    
   7945440.00      0.989841104    
   7956686.00      0.989829957    
   7967932.00      0.989833295    
   7979178.00      0.989828885    
   7990424.50      0.989814520    
   8001670.50      0.989816606    
   8012916.50      0.989805758    
   8024163.00      0.989797294    
   8035409.50      0.989785075    
   8046655.50      0.989773989    
   8057901.50      0.989766479    
   8069147.50      0.989758432    
   8080393.50      0.989738703    
   8091639.50      0.989735484    
   8102886.50      0.989726543    
   8114132.50      0.989723921    
   8125379.00      0.989724934    
   8136625.50      0.989727497    
   8147872.00      0.989721477    
   8159118.00      0.989722729    
   8170364.00      0.989713490    
   8181610.00      0.989701450    
   8192856.50      0.989692330    
   8204103.00      0.989684284    
   8215349.00      0.989680469    
   8226596.00      0.989671648    
   8237842.00      0.989669800    
   8249088.00      0.989660084    
   8260334.00      0.989641368    
   8271580.00      0.989630938    
   8282827.00      0.989632726    
   8294073.00      0.989621401    
   8305319.50      0.989617407    
   8316566.00      0.989594698    
   8327812.50      0.989590764    
   8339058.50      0.989582539    
   8350304.50      0.989570558    
   8361550.50      0.989556074    
   8372797.00      0.989549100    
   8384043.00      0.989541411    
   8395289.00      0.989536285    
   8406536.00      0.989525914    
   8417782.00      0.989510179    
   8429028.00      0.989494622    
   8440274.00      0.989487290    
   8451520.00      0.989480734    
   8462766.00      0.989473403    
   8474012.00      0.989465535    
   8485259.00      0.989445925    
   8496505.00      0.989446938    
   8507751.00      0.989437342    
   8518997.00      0.989436805    
   8530244.00      0.989423692    
   8541490.00      0.989408970    
   8552736.00      0.989400804    
   8563982.00      0.989382684    
   8575228.00      0.989382803    
   8586474.00      0.989368737    
   8597720.00      0.989360452    
   8608967.00      0.989349663    
   8620213.00      0.989345372    
   8631459.00      0.989339292    
   8642705.00      0.989337623    
   8653952.00      0.989325941    
   8665198.00      0.989309847    
   8676444.00      0.989306867    
   8687690.00      0.989283800    
   8698936.00      0.989268661    
   8710182.00      0.989265382    
   8721428.00      0.989253759    
   8732675.00      0.989248037    
   8743921.00      0.989247978    
   8755167.00      0.989238739    
   8766413.00      0.989230037    
   8777660.00      0.989224911    
   8788906.00      0.989218771    
   8800152.00      0.989218891    
   8811398.00      0.989214718    
   8822644.00      0.989206910    
   8833891.00      0.989196718    
   8845137.00      0.989189684    
   8856384.00      0.989180624    
   8867630.00      0.989171267    
   8878876.00      0.989179671    
   8890122.00      0.989169538    
   8901368.00      0.989168346    
   8912615.00      0.989165723    
   8923861.00      0.989162803    
   8935107.00      0.989152074    
   8946353.00      0.989141107    
   8957599.00      0.989130199    
   8968845.00      0.989127576    
   8980092.00      0.989129126    
   8991338.00      0.989124238    
   9002584.00      0.989115953    
   9013831.00      0.989106297    
   9025077.00      0.989094257    
   9036324.00      0.989089727    
   9047570.00      0.989093840    
   9058816.00      0.989081442    
   9070062.00      0.989075303    
   9081308.00      0.989064693    
   9092554.00      0.989062190    
   9103800.00      0.989067316    
   9115047.00      0.989065528    
   9126293.00      0.989063740    
   9137539.00      0.989049017    
   9148785.00      0.989049971    
   9160031.00      0.989042282    
   9171277.00      0.989034951    
   9182524.00      0.989014268    
   9193770.00      0.989003062    
   9205016.00      0.988998234    
   9216262.00      0.988984764    
   9227508.00      0.988987446    
   9238755.00      0.988969445    
   9250001.00      0.988971651    
   9261247.00      0.988958299    
   9272493.00      0.988942921    
   9283740.00      0.988928199    
   9294986.00      0.988917708    
   9306232.00      0.988907099    
   9317478.00      0.988898396    
   9328724.00      0.988891900    
   9339971.00      0.988882780    
   9351217.00      0.988875747    
   9362463.00      0.988867879    
   9373710.00      0.988854885    
   9384956.00      0.988852084    
   9396202.00      0.988854647    
   9407448.00      0.988846719    
   9418694.00      0.988838553    
   9429940.00      0.988833666    
   9441187.00      0.988825083    
   9452433.00      0.988815546    
   9463679.00      0.988804102    
   9474925.00      0.988792598    
   9486171.00      0.988782287    
   9497418.00      0.988773942    
   9508664.00      0.988767803    
   9519910.00      0.988761544    
   9531156.00      0.988751829    
   9542402.00      0.988736510    
   9553648.00      0.988736510    
   9564895.00      0.988732815    
   9576141.00      0.988722146    
   9587387.00      0.988718271    
   9598633.00      0.988703847    
   9609879.00      0.988686204    
   9621126.00      0.988673449    
   9632372.00      0.988662899    
   9643618.00      0.988649845    
   9654864.00      0.988637447    
   9666110.00      0.988616765    
   9677356.00      0.988604069    
   9688602.00      0.988598466    
   9699849.00      0.988592982    
   9711095.00      0.988585830    
   9722342.00      0.988578081    
   9733588.00      0.988569021    
   9744835.00      0.988570154    
   9756081.00      0.988571167    
   9767327.00      0.988555849    
   9778573.00      0.988551259    
   9789819.00      0.988546431    
   9801065.00      0.988543034    
   9812311.00      0.988537371    
   9823558.00      0.988533497    
   9834804.00      0.988530815    
   9846050.00      0.988522470    
   9857296.00      0.988516033    
   9868542.00      0.988516092    
   9879788.00      0.988510311    
   9891034.00      0.988503635    
   9902281.00      0.988488436    
   9913527.00      0.988473594    
   9924773.00      0.988459468    
   9936019.00      0.988440871    
   9947266.00      0.988440692    
   9958512.00      0.988424361    
   9969758.00      0.988406956    
   9981004.00      0.988397241    
   9992250.00      0.988386154    
   10003497.0      0.988371372    
   10014743.0      0.988363981    
   10025989.0      0.988356948    
   10037235.0      0.988354325    
   10048481.0      0.988344371    
   10059727.0      0.988341570    
   10070973.0      0.988335788    
   10082220.0      0.988329291    
   10093466.0      0.988320827    
   10104713.0      0.988317728    
   10115959.0      0.988304079    
   10127205.0      0.988298416    
   10138451.0      0.988294840    
   10149697.0      0.988293052    
   10160943.0      0.988287985    
   10172189.0      0.988283753    
   10183436.0      0.988279819    
   10194682.0      0.988272071    
   10205928.0      0.988253534    
   10217174.0      0.988243580    
   10228420.0      0.988241136    
   10239667.0      0.988227129    
   10250913.0      0.988216698    
   10262159.0      0.988202512    
   10273405.0      0.988185942    
   10284651.0      0.988173842    
   10295897.0      0.988166213    
   10307143.0      0.988157451    
   10318389.0      0.988137066    
   10329636.0      0.988136768    
   10340882.0      0.988122940    
   10352128.0      0.988107860    
   10363374.0      0.988096952    
   10374620.0      0.988086939    
   10385866.0      0.988075495    
   10397112.0      0.988067150    
   10408359.0      0.988065720    
   10419605.0      0.988059640    
   10430851.0      0.988052309    
   10442097.0      0.988050818    
   10453344.0      0.988040924    
   10464590.0      0.988040984    
   10475836.0      0.988033235    
   10487082.0      0.988029242    
   10498328.0      0.988040328    
   10509574.0      0.988027215    
   10520820.0      0.988012850    
   10532067.0      0.988008261    
   10543313.0      0.988001406    
   10554559.0      0.987997055    
   10565805.0      0.987983108    
   10577052.0      0.987972438    
   10588298.0      0.987952590    
   10599544.0      0.987941742    
   10610790.0      0.987933755    
   10622036.0      0.987917960    
   10633283.0      0.987908483    
   10644529.0      0.987900317    
   10655776.0      0.987886071    
   10667022.0      0.987873316    
   10678268.0      0.987853646    
   10689514.0      0.987840056    
   10700760.0      0.987833261    
   10712007.0      0.987813711    
   10723253.0      0.987796068    
   10734499.0      0.987782300    
   10745745.0      0.987774253    
   10756991.0      0.987765908    
   10768237.0      0.987763882    
   10779483.0      0.987762451    
   10790729.0      0.987744689    
   10801975.0      0.987737715    
   10813221.0      0.987730086    
   10824467.0      0.987725079    
   10835713.0      0.987716079    
   10846959.0      0.987712622    
   10858205.0      0.987702727    
   10869452.0      0.987679005    
   10880698.0      0.987670600    
   10891944.0      0.987663329    
   10903190.0      0.987661064    
   10914436.0      0.987658322    
   10925682.0      0.987644196    
   10936928.0      0.987630844    
   10948174.0      0.987625718    
   10959420.0      0.987617671    
   10970666.0      0.987608433    
   10981914.0      0.987597108    
   10993160.0      0.987583160    
   11004406.0      0.987567306    
   11015652.0      0.987556100    
   11026899.0      0.987536013    
   11038145.0      0.987530828    
   11049391.0      0.987516344    
   11060637.0      0.987498105    
   11071884.0      0.987485409    
   11083130.0      0.987489641    
   11094376.0      0.987485290    
   11105623.0      0.987478018    
   11116869.0      0.987457991    
   11128115.0      0.987461030    
   11139361.0      0.987452686    
   11150609.0      0.987455726    
   11161855.0      0.987440586    
   11173101.0      0.987438023    
   11184347.0      0.987426221    
   11195593.0      0.987424910    
   11206839.0      0.987411439    
   11218085.0      0.987417281    
   11229332.0      0.987412691    
   11240579.0      0.987411559    
   11251825.0      0.987406075    
   11263071.0      0.987391293    
   11274317.0      0.987386763    
   11285563.0      0.987379909    
   11296809.0      0.987370133    
   11308056.0      0.987360477    
   11319302.0      0.987356246    
   11330548.0      0.987353802    
   11341795.0      0.987344742    
   11353042.0      0.987345636    
   11364288.0      0.987344682    
   11375534.0      0.987330854    
   11386780.0      0.987318575    
   11398026.0      0.987314701    
   11409272.0      0.987299681    
   11420518.0      0.987290859    
   11431766.0      0.987303674    
   11443012.0      0.987295985    
   11454258.0      0.987275183    
   11465504.0      0.987260759    
   11476750.0      0.987243414    
   11487996.0      0.987236321    
   11499242.0      0.987227619    
   11510488.0      0.987216055    
   11521734.0      0.987198591    
   11532980.0      0.987189174    
   11544227.0      0.987190783    
   11555474.0      0.987176359    
   11566720.0      0.987168193    
   11577966.0      0.987161040    
   11589212.0      0.987160861    
   11600458.0      0.987146318    
   11611704.0      0.987141192    
   11622950.0      0.987135708    
   11634196.0      0.987131298    
   11645443.0      0.987120509    
   11656689.0      0.987108588    
   11667935.0      0.987094581    
   11679182.0      0.987086713    
   11690428.0      0.987072349    
   11701674.0      0.987065375    
   11712920.0      0.987046182    
   11724166.0      0.987045586    
   11735412.0      0.987038136    
   11746659.0      0.987036288    
   11757905.0      0.987021208    
   11769151.0      0.987022460    
   11780397.0      0.987012923    
   11791643.0      0.987006128    
   11802889.0      0.986993551    
   11814135.0      0.986979127    
   11825381.0      0.986981750    
   11836628.0      0.986970901    
   11847875.0      0.986964345    
   11859121.0      0.986964583    
   11870367.0      0.986958385    
   11881613.0      0.986952066    
   11892859.0      0.986946642    
   11904105.0      0.986931860    
   11915351.0      0.986916721    
   11926597.0      0.986913383    
   11937843.0      0.986911178    
   11949089.0      0.986909091    
   11960335.0      0.986898422    
   11971581.0      0.986897528    
   11982828.0      0.986894906    
   11994074.0      0.986880541    
   12005320.0      0.986868203    
   12016566.0      0.986867547    
   12027812.0      0.986867070    
   12039059.0      0.986857355    
   12050305.0      0.986847699    
   12061551.0      0.986843050    
   12072797.0      0.986836195    
   12084044.0      0.986831486    
   12095290.0      0.986819029    
   12106536.0      0.986801863    
   12117782.0      0.986802578    
   12129028.0      0.986800015    
   12140274.0      0.986794353    
   12151520.0      0.986781240    
   12162766.0      0.986775517    
   12174012.0      0.986769617    
   12185258.0      0.986761689    
   12196506.0      0.986745000    
   12207752.0      0.986731291    
   12218998.0      0.986722946    
   12230244.0      0.986718535    
   12241490.0      0.986714303    
   12252736.0      0.986708224    
   12263982.0      0.986700952    
   12275228.0      0.986705601    
   12286474.0      0.986698329    
   12297720.0      0.986683905    
   12308966.0      0.986679554    
   12320214.0      0.986674964    
   12331460.0      0.986663461    
   12342706.0      0.986648917    
   12353952.0      0.986637712    
   12365199.0      0.986632109    
   12376445.0      0.986632586    
   12387692.0      0.986620665    
   12398938.0      0.986615300    
   12410184.0      0.986603498    
   12421430.0      0.986593068    
   12432676.0      0.986587286    
   12443923.0      0.986569583    
   12455169.0      0.986558020    
   12466415.0      0.986553907    
   12477661.0      0.986546338    
   12488908.0      0.986529589    
   12500154.0      0.986523747    
   12511400.0      0.986516416    
   12522647.0      0.986519456    
   12533893.0      0.986504495    
   12545139.0      0.986495972    
   12556385.0      0.986484230    
   12567633.0      0.986482084    
   12578879.0      0.986475766    
   12590125.0      0.986459136    
   12601371.0      0.986457586    
   12612617.0      0.986458898    
   12623863.0      0.986455083    
   12635109.0      0.986456275    
   12646356.0      0.986454189    
   12657603.0      0.986454904    
   12668849.0      0.986446679    
   12680095.0      0.986437142    
   12691341.0      0.986425698    
   12702587.0      0.986413777    
   12713833.0      0.986409366    
   12725080.0      0.986402571    
   12736326.0      0.986391008    
   12747572.0      0.986379385    
   12758819.0      0.986380160    
   12770066.0      0.986378610    
   12781312.0      0.986372292    
   12792558.0      0.986373425    
   12803804.0      0.986363173    
   12815050.0      0.986356258    
   12826296.0      0.986347258    
   12837542.0      0.986335576    
   12848788.0      0.986327648    
   12860035.0      0.986318588    
   12871281.0      0.986307979    
   12882527.0      0.986294866    
   12893774.0      0.986283958    
   12905020.0      0.986273527    
   12916266.0      0.986273348    
   12927512.0      0.986267149    
   12938758.0      0.986245573    
   12950004.0      0.986241460    
   12961251.0      0.986230910    
   12972498.0      0.986228466    
   12983744.0      0.986222982    
   12994990.0      0.986211836    
   13006236.0      0.986207247    
   13017482.0      0.986201167    
   13028728.0      0.986193717    
   13039974.0      0.986191511    
   13051220.0      0.986180127    
   13062467.0      0.986170590    
   13073713.0      0.986160755    
   13084959.0      0.986145377    
   13096205.0      0.986136258    
   13107451.0      0.986121893    
   13118697.0      0.986117423    
   13129943.0      0.986112058    
   13141189.0      0.986102223    
   13152435.0      0.986098409    
   13163681.0      0.986086905    
   13174927.0      0.986076057    
   13186173.0      0.986062229    
   13197420.0      0.986052155    
   13208666.0      0.986041188    
   13219912.0      0.986024141    
   13231158.0      0.986020505    
   13242404.0      0.986020684    
   13253651.0      0.986011446    
   13264897.0      0.986001492    
   13276143.0      0.985992372    
   13287389.0      0.985979557    
   13298636.0      0.985974193    
   13309882.0      0.985971630    
   13321128.0      0.985958695    
   13332374.0      0.985948086    
   13343620.0      0.985937655    
   13354866.0      0.985922098    
   13366112.0      0.985920548    
   13377358.0      0.985914707    
   13388604.0      0.985909820    
   13399850.0      0.985902309    
   13411098.0      0.985889673    
   13422344.0      0.985892355    
   13433590.0      0.985881031    
   13444836.0      0.985871911    
   13456082.0      0.985865533    
   13467328.0      0.985851824    
   13478574.0      0.985838830    
   13489820.0      0.985831201    
   13501066.0      0.985831439    
   13512312.0      0.985820234    
   13523558.0      0.985817194    
   13534806.0      0.985813439    
   13546052.0      0.985798955    
   13557298.0      0.985790253    
   13568544.0      0.985788107    
   13579790.0      0.985782683    
   13591036.0      0.985775471    
   13602282.0      0.985765398    
   13613530.0      0.985764682    
   13624776.0      0.985749960    
   13636022.0      0.985751629    
   13647268.0      0.985740364    
   13658514.0      0.985733509    
   13669760.0      0.985731900    
   13681006.0      0.985719621    
   13692252.0      0.985710919    
   13703498.0      0.985710144    
   13714744.0      0.985713601    
   13725990.0      0.985716045    
   13737238.0      0.985713363    
   13748484.0      0.985713422    
   13759730.0      0.985700071    
   13770976.0      0.985696793    
   13782222.0      0.985694706    
   13793468.0      0.985688031    
   13804714.0      0.985674679    
   13815960.0      0.985672474    
   13827206.0      0.985673428    
   13838452.0      0.985673666    
   13849699.0      0.985674500    
   13860946.0      0.985667348    
   13872192.0      0.985655129    
   13883438.0      0.985649884    
   13894684.0      0.985636353    
   13905930.0      0.985632300    
   13917176.0      0.985628128    
   13928422.0      0.985614955    
   13939670.0      0.985599041    
   13950916.0      0.985597610    
   13962162.0      0.985593438    
   13973408.0      0.985600233    
   13984655.0      0.985590339    
   13995901.0      0.985597789    
   14007148.0      0.985593557    
   14018394.0      0.985580444    
   14029640.0      0.985576093    
   14040886.0      0.985573053    
   14052132.0      0.985559702    
   14063379.0      0.985553801    
   14074625.0      0.985542834    
   14085871.0      0.985538781    
   14097117.0      0.985529542    
   14108364.0      0.985518694    
   14119610.0      0.985514462    
   14130856.0      0.985509634    
   14142103.0      0.985499859    
   14153349.0      0.985492349    
   14164595.0      0.985487282    
   14175841.0      0.985476851    
   14187089.0      0.985473990    
   14198335.0      0.985457301    
   14209581.0      0.985448658    
   14220827.0      0.985447526    
   14232073.0      0.985444307    
   14243319.0      0.985447526    
   14254565.0      0.985450208    
   14265811.0      0.985442102    
   14277057.0      0.985424042    
   14288303.0      0.985410690    
   14299549.0      0.985400379    
   14310796.0      0.985381246    
   14322042.0      0.985373378    
   14333288.0      0.985364377    
   14344535.0      0.985367954    
   14355781.0      0.985360205    
   14367027.0      0.985354066    
   14378273.0      0.985342205    
   14389519.0      0.985333264    
   14400765.0      0.985322952    
   14412012.0      0.985311508    
   14423258.0      0.985304058    
   14434504.0      0.985303104    
   14445750.0      0.985301793    
   14456996.0      0.985297561    
   14468242.0      0.985291123    
   14479488.0      0.985275984    
   14490734.0      0.985272586    
   14501980.0      0.985271156    
   14513226.0      0.985257924    
   14524472.0      0.985246837    
   14535718.0      0.985233009    
   14546964.0      0.985225737    
   14558211.0      0.985204756    
   14569457.0      0.985196888    
   14580703.0      0.985195935    
   14591949.0      0.985202968    
   14603195.0      0.985194087    
   14614441.0      0.985204756    
   14625687.0      0.985205233    
   14636933.0      0.985195637    
   14648179.0      0.985178769    
   14659425.0      0.985178053    
   14670671.0      0.985178053    
   14681917.0      0.985170603    
   14693164.0      0.985153437    
   14704410.0      0.985140622    
   14715656.0      0.985134125    
   14726902.0      0.985123217    
   14738148.0      0.985119402    
   14749394.0      0.985110521    
   14760640.0      0.985105515    
   14771886.0      0.985098600    
   14783132.0      0.985099316    
   14794378.0      0.985089779    
   14805624.0      0.985080421    
   14816870.0      0.985068500    
   14828118.0      0.985054612    
   14839364.0      0.985051632    
   14850610.0      0.985044122    
   14861856.0      0.985036850    
   14873103.0      0.985032499    
   14884349.0      0.985033333    
   14895596.0      0.985030055    
   14906842.0      0.985016167    
   14918088.0      0.985015512    
   14929334.0      0.985010624    
   14940580.0      0.985015869    
   14951827.0      0.985007048    
   14963073.0      0.984997332    
   14974319.0      0.984990895    
   14985565.0      0.984985828    
   14996812.0      0.984981060    
   15008058.0      0.984960735    
   15019304.0      0.984957755    
   15030551.0      0.984952331    
   15041797.0      0.984956503    
   15053043.0      0.984954476    
   15064289.0      0.984955609    
   15075537.0      0.984951258    
   15086783.0      0.984944701    
   15098029.0      0.984946370    
   15109275.0      0.984939575    
   15120521.0      0.984938741    
   15131767.0      0.984930277    
   15143013.0      0.984919190    
   15154260.0      0.984902501    
   15165507.0      0.984893024    
   15176753.0      0.984876156    
   15187999.0      0.984861553    
   15199245.0      0.984853983    
   15210491.0      0.984857798    
   15221737.0      0.984850466    
   15232984.0      0.984845936    
   15244230.0      0.984839261    
   15255476.0      0.984834611    
   15266723.0      0.984842062    
   15277970.0      0.984839320    
   15289216.0      0.984829783    
   15300462.0      0.984814405    
   15311708.0      0.984815240    
   15322954.0      0.984806061    
   15334200.0      0.984798908    
   15345446.0      0.984787583    
   15356692.0      0.984786093    
   15367939.0      0.984777451    
   15379185.0      0.984769642    
   15390431.0      0.984765649    
   15401678.0      0.984756172    
   15412924.0      0.984749556    
   15424170.0      0.984742939    
   15435416.0      0.984742880    
   15446662.0      0.984727681    
   15457908.0      0.984724760    
   15469155.0      0.984725356    
   15480402.0      0.984713435    
   15491648.0      0.984695792    
   15502894.0      0.984680176    
   15514140.0      0.984669089    
   15525386.0      0.984659195    
   15536632.0      0.984664977    
   15547878.0      0.984663904    
   15559124.0      0.984649658    
   15570371.0      0.984653234    
   15581617.0      0.984652162    
   15592863.0      0.984646022    
   15604109.0      0.984637916    
   15615355.0      0.984631181    
   15626601.0      0.984619498    
   15637847.0      0.984606028    
   15649093.0      0.984606683    
   15660339.0      0.984585643    
   15671585.0      0.984578073    
   15682831.0      0.984577656    
   15694077.0      0.984577358    
   15705324.0      0.984576821    
   15716570.0      0.984569013    
   15727816.0      0.984561443    
   15739062.0      0.984559536    
   15750308.0      0.984562755    
   15761555.0      0.984563887    
   15772801.0      0.984555125    
   15784047.0      0.984544754    
   15795293.0      0.984537482    
   15806540.0      0.984535396    
   15817786.0      0.984530270    
   15829032.0      0.984525323    
   15840278.0      0.984518647    
   15851524.0      0.984512150    
   15862770.0      0.984515965    
   15874016.0      0.984504163    
   15885262.0      0.984497368    
   15896508.0      0.984499335    
   15907754.0      0.984489977    
   15919002.0      0.984478772    
   15930248.0      0.984472096    
   15941494.0      0.984470904    
   15952740.0      0.984463215    
   15963986.0      0.984458625    
   15975232.0      0.984450400    
   15986478.0      0.984448016    
   15997724.0      0.984440684    
   16008970.0      0.984440148    
   16020216.0      0.984428108    
   16031462.0      0.984413147    
   16042710.0      0.984407246    
   16053956.0      0.984409809    
   16065202.0      0.984402239    
   16076448.0      0.984401405    
   16087694.0      0.984405339    
   16098940.0      0.984384894    
   16110186.0      0.984375179    
   16121434.0      0.984375775    
   16132680.0      0.984377384    
   16143926.0      0.984369099    
   16155172.0      0.984366596    
   16166418.0      0.984359503    
   16177664.0      0.984349906    
   16188910.0      0.984344244    
   16200156.0      0.984347820    
   16211402.0      0.984342575    
   16222648.0      0.984343350    
   16233894.0      0.984342277    
   16245142.0      0.984331131    
   16256388.0      0.984316051    
   16267634.0      0.984305620    
   16278880.0      0.984300315    
   16290127.0      0.984294713    
   16301373.0      0.984285295    
   16312620.0      0.984266579    
   16323866.0      0.984263301    
   16335112.0      0.984261394    
   16346358.0      0.984255075    
   16357604.0      0.984251738    
   16368851.0      0.984236658    
   16380097.0      0.984236836    
   16391343.0      0.984225690    
   16402589.0      0.984221935    
   16413836.0      0.984222353    
   16425082.0      0.984216213    
   16436328.0      0.984211743    
   16447575.0      0.984213233    
   16458821.0      0.984205484    
   16470067.0      0.984194994    
   16481313.0      0.984181225    
   16492561.0      0.984170854    
   16503807.0      0.984158754    
   16515053.0      0.984158754    
   16526299.0      0.984151244    
   16537545.0      0.984145761    
   16548791.0      0.984135985    
   16560037.0      0.984131396    
   16571284.0      0.984127104    
   16582531.0      0.984115958    
   16593777.0      0.984107494    
   16605023.0      0.984101176    
   16616269.0      0.984093428    
   16627515.0      0.984082878    
   16638761.0      0.984071791    
   16650008.0      0.984062195    
   16661254.0      0.984059274    
   16672500.0      0.984060347    
   16683747.0      0.984047532    
   16694994.0      0.984034777    
   16706240.0      0.984027386    
   16717486.0      0.984010339    
   16728732.0      0.984000087    
   16739978.0      0.983992517    
   16751224.0      0.983982146    
   16762470.0      0.983960569    
   16773716.0      0.983942509    
   16784962.0      0.983932495    
   16796208.0      0.983924150    
   16807454.0      0.983912110    
   16818700.0      0.983913064    
   16829946.0      0.983917236    
   16841192.0      0.983911753    
   16852440.0      0.983907461    
   16863686.0      0.983899713    
   16874932.0      0.983899772    
   16886178.0      0.983884871    
   16897424.0      0.983872294    
   16908670.0      0.983862698    
   16919916.0      0.983854353    
   16931162.0      0.983861744    
   16942408.0      0.983843923    
   16953654.0      0.983830035    
   16964900.0      0.983820319    
   16976146.0      0.983810604    
   16987392.0      0.983796000    
   16998638.0      0.983792961    
   17009884.0      0.983778536    
   17021130.0      0.983769834    
   17032376.0      0.983762503    
   17043622.0      0.983766019    
   17054868.0      0.983757019    
   17066114.0      0.983749032    
   17077360.0      0.983743966    
   17088606.0      0.983736813    
   17099852.0      0.983726501    
   17111098.0      0.983723521    
   17122344.0      0.983709574    
   17133592.0      0.983705044    
   17144838.0      0.983701766    
   17156084.0      0.983705699    
   17167330.0      0.983698726    
   17178576.0      0.983693600    
   17189822.0      0.983690441    
   17201068.0      0.983689189    
   17212314.0      0.983679414    
   17223560.0      0.983672857    
   17234808.0      0.983659208    
   17246054.0      0.983660221    
   17257300.0      0.983648121    
   17268546.0      0.983647406    
   17279792.0      0.983652592    
   17291038.0      0.983653009    
   17302284.0      0.983637691    
   17313530.0      0.983643293    
   17324776.0      0.983644545    
   17336022.0      0.983650804    
   17347268.0      0.983651578    
   17358514.0      0.983640730    
   17369760.0      0.983632743    
   17381008.0      0.983622491    
   17392254.0      0.983609378    
   17403500.0      0.983599007    
   17414746.0      0.983587265    
   17425992.0      0.983582258    
   17437238.0      0.983573914    
   17448484.0      0.983570158    
   17459730.0      0.983570278    
   17470976.0      0.983566999    
   17482222.0      0.983561754    
   17493468.0      0.983556211    
   17504716.0      0.983559847    
   17515962.0      0.983562112    
   17527208.0      0.983559132    
   17538456.0      0.983551741    
   17549702.0      0.983550310    
   17560948.0      0.983544827    
   17572194.0      0.983544290    
   17583440.0      0.983542025    
   17594686.0      0.983542919    
   17605932.0      0.983530283    
   17617178.0      0.983532131    
   17628424.0      0.983524263    
   17639672.0      0.983515859    
   17650918.0      0.983519673    
   17662164.0      0.983521223    
   17673410.0      0.983512580    
   17684656.0      0.983510435    
   17695902.0      0.983493984    
   17707150.0      0.983492374    
   17718396.0      0.983484507    
   17729642.0      0.983474672    
   17740888.0      0.983471692    
   17752134.0      0.983466268    
   17763380.0      0.983457029    
   17774626.0      0.983444273    
   17785874.0      0.983438194    
   17797120.0      0.983421683    
   17808366.0      0.983412683    
   17819612.0      0.983409107    
   17830858.0      0.983402252    
   17842104.0      0.983386099    
   17853350.0      0.983373046    
   17864598.0      0.983375251    
   17875844.0      0.983366072    
   17887090.0      0.983363867    
   17898336.0      0.983356953    
   17909584.0      0.983346164    
   17920830.0      0.983339906    
   17932076.0      0.983331323    
   17943322.0      0.983328998    
   17954568.0      0.983327806    
   17965814.0      0.983332038    
   17977060.0      0.983331382    
   17988306.0      0.983328879    
   17999552.0      0.983324051    
   18010798.0      0.983321965    
   18022044.0      0.983309150    
   18033292.0      0.983300030    
   18044538.0      0.983286798    
   18055784.0      0.983277440    
   18067030.0      0.983270288    
   18078276.0      0.983267188    
   18089522.0      0.983259380    
   18100768.0      0.983253658    
   18112016.0      0.983254075    
   18123262.0      0.983246326    
   18134508.0      0.983234346    
   18145754.0      0.983223438    
   18157000.0      0.983218551    
   18168246.0      0.983218372    
   18179492.0      0.983215034    
   18190740.0      0.983215928    
   18201986.0      0.983209372    
   18213232.0      0.983199358    
   18224478.0      0.983193338    
   18235724.0      0.983188331    
   18246970.0      0.983182967    
   18258216.0      0.983181596    
   18269464.0      0.983163357    
   18280710.0      0.983155668    
   18291956.0      0.983152926    
   18303202.0      0.983134091    
   18314448.0      0.983124673    
   18325694.0      0.983120322    
   18336940.0      0.983118415    
   18348186.0      0.983109295    
   18359432.0      0.983110070    
   18370678.0      0.983103037    
   18381924.0      0.983091712    
   18393172.0      0.983077705    
   18404418.0      0.983079076    
   18415664.0      0.983069241    
   18426910.0      0.983056426    
   18438156.0      0.983051658    
   18449402.0      0.983039796    
   18460648.0      0.983022392    
   18471894.0      0.983009517    
   18483140.0      0.983006537    
   18494386.0      0.983006656    
   18505632.0      0.983001888    
   18516878.0      0.982993066    
   18528124.0      0.982983708    
   18539370.0      0.982970655    
   18550616.0      0.982960880    
   18561862.0      0.982954323    
   18573108.0      0.982944489    
   18584354.0      0.982939482    
   18595600.0      0.982942402    
   18606846.0      0.982948542    
   18618092.0      0.982935667    
   18629338.0      0.982926607    
   18640584.0      0.982915878    
   18651832.0      0.982905567    
   18663078.0      0.982900918    
   18674324.0      0.982894659    
   18685570.0      0.982882261    
   18696816.0      0.982882440    
   18708062.0      0.982879817    
   18719310.0      0.982875764    
   18730556.0      0.982875466    
   18741802.0      0.982867002    
   18753048.0      0.982860088    
   18764294.0      0.982843697    
   18775540.0      0.982839644    
   18786786.0      0.982829213    
   18798032.0      0.982820868    
   18809278.0      0.982821882    
   18820524.0      0.982822955    
   18831770.0      0.982821107    
   18843018.0      0.982812047    
   18854264.0      0.982810676    
   18865510.0      0.982808769    
   18876758.0      0.982809842    
   18888004.0      0.982802808    
   18899250.0      0.982806027    
   18910496.0      0.982798219    
   18921744.0      0.982795238    
   18932990.0      0.982791305    
   18944236.0      0.982792377    
   18955482.0      0.982788563    
   18966728.0      0.982784331    
   18977974.0      0.982779980    
   18989220.0      0.982784331    
   19000468.0      0.982768476    
   19011714.0      0.982769251    
   19022960.0      0.982776344    
   19034206.0      0.982782662    
   19045452.0      0.982764065    
   19056698.0      0.982763469    
   19067944.0      0.982758701    
   19079192.0      0.982752621    
   19090438.0      0.982750177    
   19101684.0      0.982756734    
   19112930.0      0.982756376    
   19124178.0      0.982755303    
   19135424.0      0.982752562    
   19146670.0      0.982755184    
   19157916.0      0.982738733    
   19169164.0      0.982730091    
   19180410.0      0.982728243    
   19191656.0      0.982726693    
   19202904.0      0.982727349    
   19214150.0      0.982727289    
   19225396.0      0.982731581    
   19236642.0      0.982728124    
   19247888.0      0.982734919    
   19259134.0      0.982736647    
   19270380.0      0.982734442    
   19281626.0      0.982729137    
   19292872.0      0.982717454    
   19304120.0      0.982710242    
   19315366.0      0.982700825    
   19326612.0      0.982703686    
   19337858.0      0.982692420    
   19349104.0      0.982693613    
   19360350.0      0.982700586    
   19371598.0      0.982691884    
   19382844.0      0.982682347    
   19394090.0      0.982683480    
   19405336.0      0.982675016    
   19416582.0      0.982668638    
   19427828.0      0.982674479    
   19439074.0      0.982662797    
   19450322.0      0.982654214    
   19461568.0      0.982653558    
   19472814.0      0.982654393    
   19484060.0      0.982648075    
   19495306.0      0.982638121    
   19506552.0      0.982635677    
   19517798.0      0.982625127    
   19529046.0      0.982617259    
   19540292.0      0.982619464    
   19551538.0      0.982612669    
   19562784.0      0.982615292    
   19574032.0      0.982613444    
   19585278.0      0.982605577    
   19596524.0      0.982600868    
   19607770.0      0.982614577    
   19619016.0      0.982605815    
   19630262.0      0.982599497    
   19641508.0      0.982600927    
   19652754.0      0.982594073    
   19664000.0      0.982586145    
   19675246.0      0.982587218    
   19686492.0      0.982578099    
   19697738.0      0.982572734    
   19708984.0      0.982560217    
   19720230.0      0.982559562    
   19731476.0      0.982558429    
   19742722.0      0.982544541    
   19753968.0      0.982545555    
   19765214.0      0.982532740    
   19776460.0      0.982528329    
   19787706.0      0.982518613    
   19798952.0      0.982512891    
   19810200.0      0.982495964    
   19821446.0      0.982480526    
   19832692.0      0.982464731    
   19843938.0      0.982461572    
   19855184.0      0.982454538    
   19866430.0      0.982447743    
   19877676.0      0.982443154    
   19888922.0      0.982440174    
   19900168.0      0.982435167    
   19911414.0      0.982423544    
   19922660.0      0.982408047    
   19933906.0      0.982401907    
   19945152.0      0.982400894    
   19956398.0      0.982393324    
   19967644.0      0.982392907    
   19978890.0      0.982380629    
   19990136.0      0.982363641    
   20001382.0      0.982362568    
   20012630.0      0.982359648    
   20023876.0      0.982342780    
   20035122.0      0.982343078    
   20046368.0      0.982338130    
   20057616.0      0.982333422    
   20068862.0      0.982325971    
   20080108.0      0.982323289    
   20091354.0      0.982314825    
   20102600.0      0.982302070    
   20113846.0      0.982291639    
   20125092.0      0.982280433    
   20136338.0      0.982272029    
   20147584.0      0.982261896    
   20158830.0      0.982251823    
   20170076.0      0.982246101    
   20181322.0      0.982236087    
   20192568.0      0.982230425    
   20203814.0      0.982217550    
   20215062.0      0.982214987    
   20226308.0      0.982201219    
   20237554.0      0.982178926    
   20248800.0      0.982172012    
   20260046.0      0.982160509    
   20271292.0      0.982150257    
   20282538.0      0.982146323    
   20293784.0      0.982132137    
   20305030.0      0.982129753    
   20316276.0      0.982117772    
   20327522.0      0.982117712    
   20338770.0      0.982107878    
   20350016.0      0.982105255    
   20361262.0      0.982094884    
   20372508.0      0.982105255    
   20383756.0      0.982102334    
   20395002.0      0.982102990    
   20406248.0      0.982087791    
   20417496.0      0.982081294    
   20428742.0      0.982076108    
   20439988.0      0.982072592    
   20451234.0      0.982067943    
   20462480.0      0.982063293    
   20473726.0      0.982057512    
   20484972.0      0.982055306    
   20496218.0      0.982043207    
   20507464.0      0.982026756    
   20518712.0      0.982023299    
   20529958.0      0.982014775    
   20541204.0      0.982014537    
   20552450.0      0.982016921    
   20563696.0      0.982013702    
   20574942.0      0.982018411    
   20586190.0      0.982016921    
   20597436.0      0.982003391    
   20608682.0      0.982000172    
   20619928.0      0.981998801    
   20631174.0      0.981992543    
   20642420.0      0.981986940    
   20653666.0      0.981978476    
   20664914.0      0.981981516    
   20676160.0      0.981971800    
   20687406.0      0.981969893    
   20698652.0      0.981974781    
   20709898.0      0.981973350    
   20721144.0      0.981971681    
   20732390.0      0.981954336    
   20743638.0      0.981949687    
   20754884.0      0.981942952    
   20766130.0      0.981935024    
   20777376.0      0.981922090    
   20788624.0      0.981919706    
   20799870.0      0.981919169    
   20811116.0      0.981921136    
   20822362.0      0.981912851    
   20833608.0      0.981906533    
   20844854.0      0.981901884    
   20856100.0      0.981894910    
   20867348.0      0.981887519    
   20878594.0      0.981887519    
   20889840.0      0.981879652    
   20901086.0      0.981877983    
   20912332.0      0.981872380    
   20923578.0      0.981869817    
   20934824.0      0.981843352    
   20946072.0      0.981839657    
   20957318.0      0.981843472    
   20968564.0      0.981843710    
   20979810.0      0.981841147    
   20991056.0      0.981835246    
   21002302.0      0.981831670    
   21013548.0      0.981821895    
   21024794.0      0.981811583    
   21036042.0      0.981813669    
   21047288.0      0.981800675    
   21058534.0      0.981802285    
   21069782.0      0.981800258    
   21081028.0      0.981793165    
   21092274.0      0.981799483    
   21103520.0      0.981796205    
   21114766.0      0.981786788    
   21126012.0      0.981775999    
   21137258.0      0.981759489    
   21148504.0      0.981742263    
   21159750.0      0.981737971    
   21170996.0      0.981725335    
   21182242.0      0.981714010    
   21193490.0      0.981705427    
   21204736.0      0.981701791    
   21215982.0      0.981705785    
   21227230.0      0.981696010    
   21238476.0      0.981704652    
   21249722.0      0.981693983    
   21260968.0      0.981669903    
   21272216.0      0.981664121    
   21283462.0      0.981658041    
   21294708.0      0.981657565    
   21305954.0      0.981656790    
   21317200.0      0.981650710    
   21328446.0      0.981646478    
   21339692.0      0.981635690    
   21350938.0      0.981632054    
   21362184.0      0.981628060    
   21373430.0      0.981614351    
   21384676.0      0.981617689    
   21395924.0      0.981614530    
   21407170.0      0.981611729    
   21418416.0      0.981603861    
   21429662.0      0.981608570    
   21440908.0      0.981595278    
   21452154.0      0.981582701    
   21463400.0      0.981576025    
   21474646.0      0.981567144    
   21485894.0      0.981559038    
   21497140.0      0.981559277    
   21508386.0      0.981555045    
   21519632.0      0.981539607    
   21530878.0      0.981532156    
   21542124.0      0.981522799    
   21553370.0      0.981517553    
   21564616.0      0.981510460    
   21575862.0      0.981509030    
   21587108.0      0.981500626    
   21598354.0      0.981493711    
   21609600.0      0.981491923    
   21620846.0      0.981480479    
   21632092.0      0.981482148    
   21643338.0      0.981477499    
   21654584.0      0.981458902    
   21665830.0      0.981447399    
   21677076.0      0.981445670    
   21688322.0      0.981441796    
   21699568.0      0.981444478    
   21710814.0      0.981443942    
   21722060.0      0.981442392    
   21733306.0      0.981444955    
   21744552.0      0.981443107    
   21755800.0      0.981443644    
   21767046.0      0.981437862    
   21778292.0      0.981430411    
   21789538.0      0.981421232    
   21800784.0      0.981412411    
   21812030.0      0.981408596    
   21823276.0      0.981407642    
   21834522.0      0.981399357    
   21845768.0      0.981383681    
   21857014.0      0.981375039    
   21868260.0      0.981362402    
   21879506.0      0.981357396    
   21890752.0      0.981360197    
   21901998.0      0.981363595    
   21913244.0      0.981359184    
   21924490.0      0.981353462    
   21935736.0      0.981352985    
   21946984.0      0.981353998    
   21958232.0      0.981350243    
   21969478.0      0.981339335    
   21980724.0      0.981333494    
   21991970.0      0.981318295    
   22003216.0      0.981316090    
   22014462.0      0.981316984    
   22025710.0      0.981310189    
   22036956.0      0.981304169    
   22048202.0      0.981295228    
   22059448.0      0.981290519    
   22070694.0      0.981278002    
   22081940.0      0.981269002    
   22093186.0      0.981254756    
   22104432.0      0.981244206    
   22115678.0      0.981236815    
   22126924.0      0.981226146    
   22138170.0      0.981214523    
   22149416.0      0.981221259    
   22160664.0      0.981215954    
   22171910.0      0.981212318    
   22183156.0      0.981214046    
   22194404.0      0.981204391    
   22205650.0      0.981196582    
   22216896.0      0.981188297    
   22228142.0      0.981192708    
   22239388.0      0.981178582    
   22250634.0      0.981174707    
   22261880.0      0.981160522    
   22273126.0      0.981165171    
   22284372.0      0.981155574    
   22295618.0      0.981146157    
   22306864.0      0.981137156    
   22318110.0      0.981130540    
   22329356.0      0.981123805    
   22340602.0      0.981115639    
   22351848.0      0.981106639    
   22363096.0      0.981094837    
   22374342.0      0.981092155    
   22385588.0      0.981086671    
   22396834.0      0.981078327    
   22408080.0      0.981079102    
   22419326.0      0.981077373    
   22430572.0      0.981077254    
   22441818.0      0.981076598    
   22453064.0      0.981070280    
   22464310.0      0.981063306    
   22475556.0      0.981063545    
   22486802.0      0.981063068    
   22498048.0      0.981052041    
   22509294.0      0.981039941    
   22520540.0      0.981028378    
   22531786.0      0.981021285    
   22543032.0      0.981020212    
   22554278.0      0.981018126    
   22565524.0      0.981007338    
   22576770.0      0.981002808    
   22588016.0      0.980999708    
   22599266.0      0.980990469    
   22610512.0      0.980990231    
   22621758.0      0.980985105    
   22633004.0      0.980976582    
   22644250.0      0.980980814    
   22655496.0      0.980990529    
   22666742.0      0.980992973    
   22677990.0      0.980984807    
   22689236.0      0.980988026    
   22700482.0      0.980990648    
   22711728.0      0.980986357    
   22722974.0      0.980974197    
   22734220.0      0.980966270    
   22745466.0      0.980955601    
   22756712.0      0.980950832    
   22767960.0      0.980955303    
   22779206.0      0.980952322    
   22790452.0      0.980938256    
   22801698.0      0.980938971    
   22812944.0      0.980933785    
   22824190.0      0.980933130    
   22835436.0      0.980921626    
   22846682.0      0.980926216    
   22857928.0      0.980923533    
   22869174.0      0.980920434    
   22880420.0      0.980912864    
   22891666.0      0.980908036    
   22902912.0      0.980897605    
   22914158.0      0.980902255    
   22925406.0      0.980902553    
   22936652.0      0.980897725    
   22947898.0      0.980893791    
   22959144.0      0.980885446    
   22970392.0      0.980878234    
   22981638.0      0.980878532    
   22992884.0      0.980873883    
   23004132.0      0.980864167    
   23015378.0      0.980856657    
   23026624.0      0.980855167    
   23037870.0      0.980841577    
   23049116.0      0.980827689    
   23060362.0      0.980821550    
   23071608.0      0.980812430    
   23082856.0      0.980816960    
   23094104.0      0.980817616    
   23105350.0      0.980812311    
   23116596.0      0.980812252    
   23127842.0      0.980812907    
   23139088.0      0.980809331    
   23150334.0      0.980806053    
   23161580.0      0.980811357    
   23172826.0      0.980811238    
   23184072.0      0.980806112    
   23195318.0      0.980801761    
   23206564.0      0.980789483    
   23217810.0      0.980776012    
   23229056.0      0.980775237    
   23240302.0      0.980776429    
   23251548.0      0.980772734    
   23262794.0      0.980760276    
   23274040.0      0.980754375    
   23285286.0      0.980752707    
   23296532.0      0.980741262    
   23307778.0      0.980745554    
   23319024.0      0.980741203    
   23330274.0      0.980730236    
   23341520.0      0.980722368    
   23352766.0      0.980717421    
   23364012.0      0.980710745    
   23375258.0      0.980708897    
   23386504.0      0.980703175    
   23397750.0      0.980705738    
   23408996.0      0.980698407    
   23420242.0      0.980690002    
   23431488.0      0.980679929    
   23442734.0      0.980672538    
   23453980.0      0.980664432    
   23465226.0      0.980661333    
   23476472.0      0.980648935    
   23487718.0      0.980646193    
   23498964.0      0.980639279    
   23510210.0      0.980632842    
   23521456.0      0.980641186    
   23532702.0      0.980641961    
   23543948.0      0.980630279    
   23555194.0      0.980627418    
   23566440.0      0.980623960    
   23577688.0      0.980616391    
   23588934.0      0.980608702    
   23600180.0      0.980608702    
   23611426.0      0.980611503    
   23622672.0      0.980611980    
   23633918.0      0.980612397    
   23645164.0      0.980607092    
   23656410.0      0.980596602    
   23667656.0      0.980589688    
   23678902.0      0.980584860    
   23690148.0      0.980574965    
   23701394.0      0.980562031    
   23712640.0      0.980548680    
   23723886.0      0.980537057    
   23735132.0      0.980521023    
   23746378.0      0.980528712    
   23757624.0      0.980526268    
   23768870.0      0.980528057    
   23780116.0      0.980522633    
   23791362.0      0.980517507    
   23802608.0      0.980513334    
   23813858.0      0.980506122    
   23825104.0      0.980501354    
   23836350.0      0.980484605    
   23847596.0      0.980481863    
   23858842.0      0.980479062    
   23870088.0      0.980467975    
   23881334.0      0.980458140    
   23892582.0      0.980451643    
   23903828.0      0.980452478    
   23915074.0      0.980450213    
   23926320.0      0.980436563    
   23937566.0      0.980431080    
   23948812.0      0.980428994    
   23960058.0      0.980420232    
   23971308.0      0.980404198    
   23982554.0      0.980395555    
   23993800.0      0.980402291    
   24005046.0      0.980402589    
   24016292.0      0.980394125    
   24027538.0      0.980391085    
   24038784.0      0.980391383    
   24050030.0      0.980377197    
   24061276.0      0.980375886    
   24072522.0      0.980365217    
   24083768.0      0.980353594    
   24095014.0      0.980356514    
   24106260.0      0.980348587    
   24117506.0      0.980339289    
   24128752.0      0.980327308    
   24139998.0      0.980316401    
   24151244.0      0.980307817    
   24162490.0      0.980304539    
   24173736.0      0.980295777    
   24184984.0      0.980291069    
   24196230.0      0.980280399    
   24207476.0      0.980273187    
   24218724.0      0.980265737    
   24229970.0      0.980258346    
   24241216.0      0.980244160    
   24252462.0      0.980240464    
   24263708.0      0.980246663    
   24274954.0      0.980243444    
   24286200.0      0.980231345    
   24297446.0      0.980227292    
   24308692.0      0.980213702    
   24319938.0      0.980210364    
   24331184.0      0.980197310    
   24342430.0      0.980189264    
   24353676.0      0.980180562    
   24364922.0      0.980172515    
   24376168.0      0.980161071    
   24387416.0      0.980156124    
   24398662.0      0.980148137    
   24409908.0      0.980141401    
   24421154.0      0.980138004    
   24432400.0      0.980129063    
   24443646.0      0.980126023    
   24454892.0      0.980123222    
   24466138.0      0.980116367    
   24477384.0      0.980106950    
   24488630.0      0.980108798    
   24499876.0      0.980097592    
   24511122.0      0.980085135    
   24522368.0      0.980075359    
   24533614.0      0.980073392    
   24544860.0      0.980075479    
   24556106.0      0.980059028    
   24567352.0      0.980055094    
   24578598.0      0.980059803    
   24589844.0      0.980058968    
   24601090.0      0.980047166    
   24612336.0      0.980047703    
   24623582.0      0.980039001    
   24634828.0      0.980039358    
   24646074.0      0.980037153    
   24657320.0      0.980025351    
   24668568.0      0.980027854    
   24679814.0      0.980022967    
   24691060.0      0.980017483    
   24702308.0      0.980012536    
   24713554.0      0.980008543    
   24724800.0      0.979998350    
   24736046.0      0.979990005    
   24747292.0      0.979984522    
   24758538.0      0.979984641    
   24769784.0      0.979976296    
   24781030.0      0.979967654    
   24792276.0      0.979963303    
   24803522.0      0.979960561    
   24814768.0      0.979965806    
   24826014.0      0.979950488    
   24837260.0      0.979942024    
   24848506.0      0.979946375    
   24859756.0      0.979943454    
   24871002.0      0.979935467    
   24882248.0      0.979924858    
   24893494.0      0.979918301    
   24904740.0      0.979915261    
   24915986.0      0.979904413    
   24927232.0      0.979900539    
   24938478.0      0.979893804    
   24949724.0      0.979891419    
   24960970.0      0.979898930    
   24972216.0      0.979900360    
   24983462.0      0.979890347    
   24994708.0      0.979888141    
   25005954.0      0.979879558    
   25017200.0      0.979870975    
   25028446.0      0.979865193    
   25039692.0      0.979863644    
   25050938.0      0.979851007    
   25062184.0      0.979844570    
   25073432.0      0.979847729    
   25084678.0      0.979844749    
   25095924.0      0.979841530    
   25107172.0      0.979825497    
   25118418.0      0.979824841    
   25129664.0      0.979809403    
   25140910.0      0.979802251    
   25152156.0      0.979791462    
   25163402.0      0.979789257    
   25174648.0      0.979789555    
   25185896.0      0.979788601    
   25197144.0      0.979786813    
   25208390.0      0.979769230    
   25219636.0      0.979755580    
   25230882.0      0.979742587    
   25242128.0      0.979739070    
   25253374.0      0.979734659    
   25264620.0      0.979735970    
   25275866.0      0.979729891    
   25287112.0      0.979736149    
   25298358.0      0.979725480    
   25309604.0      0.979726613    
   25320850.0      0.979716659    
   25332096.0      0.979709923    
   25343342.0      0.979710340    
   25354588.0      0.979710400    
   25365834.0      0.979702711    
   25377080.0      0.979688942    
   25388326.0      0.979687214    
   25399572.0      0.979688823    
   25410818.0      0.979682744    
   25422064.0      0.979678035    
   25433310.0      0.979682982    
   25444556.0      0.979686260    
   25455802.0      0.979677200    
   25467048.0      0.979686201    
   25478296.0      0.979690611    
   25489542.0      0.979685366    
   25500788.0      0.979686916    
   25512036.0      0.979680777    
   25523282.0      0.979673684    
   25534528.0      0.979664981    
   25545774.0      0.979668796    
   25557020.0      0.979667962    
   25568266.0      0.979670167    
   25579512.0      0.979672015    
   25590758.0      0.979666054    
   25602004.0      0.979659677    
