   283856.469      0.999793231    
   295102.625      0.999779880    
   306348.812      0.999773264    
   317594.969      0.999757469    
   328841.375      0.999748707    
   340087.750      0.999749124    
   351334.156      0.999744117    
   362580.375      0.999730527    
   373826.562      0.999715984    
   385072.719      0.999698877    
   396318.875      0.999686837    
   407565.094      0.999688387    
   418811.281      0.999687791    
   430057.438      0.999679029    
   441303.594      0.999668360    
   452549.812      0.999659956    
   463796.000      0.999648213    
   475042.156      0.999640346    
   486288.312      0.999633253    
   497534.531      0.999632776    
   508780.906      0.999629200    
   520027.312      0.999626100    
   531273.750      0.999630868    
   542519.875      0.999627054    
   553766.062      0.999621630    
   565012.188      0.999610722    
   576258.375      0.999594867    
   587504.562      0.999593437    
   598750.750      0.999596655    
   609996.875      0.999595940    
   621243.062      0.999583066    
   632489.250      0.999570906    
   643735.375      0.999569178    
   654981.562      0.999567091    
   666227.750      0.999550760    
   677474.188      0.999538600    
   688720.562      0.999533594    
   699966.938      0.999522984    
   711213.125      0.999515891    
   722459.375      0.999509811    
   733705.500      0.999503791    
   744951.688      0.999496758    
   756197.938      0.999483645    
   767444.062      0.999476373    
   778690.250      0.999474883    
   789936.375      0.999462903    
   801182.562      0.999458253    
   812428.812      0.999451280    
   823674.938      0.999435425    
   834921.125      0.999431014    
   846167.375      0.999426246    
   857413.750      0.999421239    
   868660.188      0.999422669    
   879906.562      0.999421775    
   891152.750      0.999421597    
   902398.875      0.999400735    
   913645.062      0.999395549    
   924891.188      0.999397278    
   936137.375      0.999392092    
   947383.500      0.999391317    
   958629.688      0.999389589    
   969875.938      0.999369383    
   981122.062      0.999364257    
   992368.250      0.999366403    
   1003614.38      0.999360681    
   1014860.56      0.999349117    
   1026106.75      0.999337614    
   1037353.12      0.999329507    
   1048599.50      0.999318838    
   1059845.88      0.999299705    
   1071092.12      0.999290645    
   1082338.25      0.999278486    
   1093584.50      0.999270558    
   1104830.62      0.999253511    
   1116076.75      0.999240041    
   1127323.00      0.999224424    
   1138569.25      0.999224305    
   1149815.38      0.999210358    
   1161061.50      0.999194503    
   1172307.62      0.999189198    
   1183553.88      0.999178112    
   1194800.12      0.999177039    
   1206046.25      0.999160230    
   1217292.62      0.999150932    
   1228539.00      0.999150515    
   1239785.25      0.999143541    
   1251031.50      0.999122798    
   1262277.62      0.999111176    
   1273523.75      0.999110997    
   1284769.88      0.999101281    
   1296016.12      0.999096274    
   1307262.25      0.999089718    
   1318508.38      0.999078751    
   1329754.50      0.999065936    
   1341000.75      0.999062061    
   1352246.88      0.999058545    
   1363493.12      0.999044776    
   1374739.25      0.999041915    
   1385985.50      0.999041438    
   1397231.88      0.999032915    
   1408478.25      0.999010921    
   1419724.50      0.999001026    
   1430970.50      0.998987019    
   1442216.75      0.998977304    
   1453463.00      0.998962879    
   1464709.12      0.998955607    
   1475955.38      0.998943567    
   1487201.62      0.998934090    
   1498447.62      0.998918295    
   1509693.88      0.998905897    
   1520940.12      0.998902082    
   1532186.25      0.998900533    
   1543432.50      0.998884141    
   1554678.75      0.998871922    
   1565924.75      0.998865366    
   1577171.25      0.998860836    
   1588417.62      0.998862028    
   1599663.88      0.998859763    
   1610910.12      0.998860419    
   1622156.12      0.998856068    
   1633402.38      0.998852849    
   1644648.62      0.998848557    
   1655894.75      0.998840630    
   1667141.00      0.998841107    
   1678387.25      0.998842776    
   1689633.25      0.998844862    
   1700879.38      0.998832762    
   1712125.62      0.998835146    
   1723371.62      0.998819411    
   1734617.75      0.998802364    
   1745864.00      0.998799562    
   1757110.38      0.998787224    
   1768356.75      0.998784542    
   1779602.88      0.998770356    
   1790849.12      0.998756111    
   1802095.38      0.998743415    
   1813341.50      0.998736620    
   1824587.62      0.998726130    
   1835833.88      0.998717725    
   1847080.00      0.998710632    
   1858326.12      0.998693287    
   1869572.38      0.998673379    
   1880818.50      0.998670578    
   1892064.62      0.998660982    
   1903310.88      0.998651326    
   1914557.12      0.998641610    
   1925803.50      0.998638332    
   1937049.88      0.998625696    
   1948296.38      0.998614967    
   1959542.50      0.998611510    
   1970788.62      0.998614252    
   1982034.75      0.998608649    
   1993281.00      0.998593926    
   2004527.00      0.998583913    
   2015773.12      0.998586059    
   2027019.38      0.998588622    
   2038265.62      0.998581767    
   2049511.62      0.998572230    
   2060757.88      0.998574495    
   2072004.12      0.998577178    
   2083250.25      0.998566151    
   2094496.50      0.998560488    
   2105743.00      0.998560786    
   2116989.25      0.998562992    
   2128235.75      0.998551250    
   2139481.75      0.998544157    
   2150728.00      0.998536348    
   2161974.00      0.998524249    
   2173220.25      0.998519659    
   2184466.50      0.998511910    
   2195712.75      0.998499632    
   2206958.75      0.998486161    
   2218205.00      0.998476267    
   2229451.25      0.998471677    
   2240697.25      0.998468220    
   2251943.50      0.998463571    
   2263189.75      0.998458385    
   2274436.25      0.998448431    
   2285682.50      0.998450220    
   2296929.00      0.998446882    
   2308175.25      0.998427451    
   2319421.50      0.998420656    
   2330667.75      0.998407066    
   2341914.00      0.998404682    
   2353160.25      0.998405993    
   2364406.25      0.998406887    
   2375652.50      0.998397470    
   2386898.75      0.998399496    
   2398144.75      0.998397052    
   2409391.00      0.998390138    
   2420637.25      0.998393834    
   2431883.25      0.998402238    
   2443130.00      0.998400748    
   2454376.25      0.998396754    
   2465622.75      0.998386204    
   2476869.00      0.998377681    
   2488115.25      0.998368979    
   2499361.50      0.998363674    
   2510607.75      0.998360038    
   2521853.75      0.998353481    
   2533100.00      0.998342752    
   2544346.25      0.998337269    
   2555592.25      0.998334706    
   2566838.50      0.998332679    
   2578084.75      0.998317242    
   2589331.00      0.998307467    
   2600577.00      0.998307645    
   2611823.25      0.998311400    
   2623069.75      0.998297036    
   2634316.25      0.998286188    
   2645562.50      0.998283625    
   2656809.00      0.998275220    
   2668055.25      0.998266220    
   2679301.25      0.998254776    
   2690547.50      0.998259783    
   2701793.50      0.998253703    
   2713039.75      0.998238802    
   2724286.00      0.998241603    
   2735532.25      0.998232186    
   2746778.25      0.998233199    
   2758024.25      0.998226643    
   2769270.50      0.998227835    
   2780516.75      0.998224318    
   2791763.25      0.998215497    
   2803009.50      0.998204291    
   2814256.00      0.998196542    
   2825502.50      0.998179913    
   2836748.75      0.998166978    
   2847995.25      0.998168468    
   2859241.25      0.998169541    
   2870487.25      0.998170018    
   2881733.50      0.998160243    
   2892979.50      0.998162985    
   2904226.00      0.998159349    
   2915472.25      0.998148680    
   2926718.50      0.998138785    
   2937964.50      0.998143911    
   2949210.50      0.998140395    
   2960457.00      0.998123229    
   2971703.25      0.998108685    
   2982949.75      0.998092711    
   2994196.25      0.998080194    
   3005442.25      0.998076558    
   3016688.25      0.998065174    
   3027934.75      0.998058498    
   3039181.00      0.998053193    
   3050427.25      0.998053908    
   3061673.25      0.998050749    
   3072919.25      0.998036981    
   3084165.50      0.998036146    
   3095411.75      0.998030722    
   3106658.25      0.998026967    
   3117904.25      0.998021483    
   3129150.50      0.998015225    
   3140396.75      0.998005927    
   3151643.25      0.998005807    
   3162889.50      0.998000562    
   3174135.75      0.997986078    
   3185381.75      0.997987151    
   3196627.75      0.997983754    
   3207874.00      0.997968435    
   3219120.25      0.997962415    
   3230366.75      0.997959137    
   3241612.75      0.997955620    
   3252859.00      0.997943640    
   3264105.00      0.997935712    
   3275351.00      0.997932076    
   3286597.00      0.997921169    
   3297843.50      0.997918367    
   3309090.00      0.997909546    
   3320336.25      0.997907817    
   3331582.75      0.997902274    
   3342829.00      0.997891843    
   3354075.50      0.997885287    
   3365321.50      0.997880638    
   3376567.75      0.997881651    
   3387813.75      0.997886717    
   3399059.75      0.997877121    
   3410306.00      0.997865140    
   3421552.25      0.997852802    
   3432798.75      0.997843921    
   3444044.75      0.997844338    
   3455291.00      0.997842610    
   3466537.00      0.997831166    
   3477783.00      0.997820199    
   3489029.50      0.997816026    
   3500275.75      0.997811973    
   3511522.25      0.997804999    
   3522768.25      0.997798204    
   3534014.50      0.997805715    
   3545260.75      0.997806072    
   3556507.00      0.997801304    
   3567753.00      0.997792661    
   3578999.00      0.997798443    
   3590245.00      0.997790158    
   3601491.25      0.997782826    
   3612737.50      0.997765362    
   3623984.00      0.997761488    
   3635230.00      0.997760236    
   3646476.25      0.997753143    
   3657722.25      0.997744381    
   3668968.75      0.997728169    
   3680215.00      0.997721553    
   3691461.50      0.997709095    
   3702707.50      0.997709870    
   3713953.50      0.997696102    
   3725199.75      0.997683704    
   3736446.00      0.997674465    
   3747692.50      0.997664809    
   3758938.50      0.997656763    
   3770184.75      0.997664809    
   3781430.75      0.997659981    
   3792676.75      0.997649550    
   3803923.25      0.997635126    
   3815169.50      0.997632742    
   3826415.75      0.997622013    
   3837661.75      0.997621834    
   3848908.25      0.997621000    
   3860154.50      0.997613430    
   3871401.00      0.997608185    
   3882647.00      0.997598410    
   3893893.00      0.997595191    
   3905139.25      0.997590721    
   3916385.25      0.997581303    
   3927631.75      0.997569144    
   3938878.00      0.997555256    
   3950124.25      0.997539163    
   3961370.25      0.997542739    
   3972616.25      0.997530997    
   3983862.50      0.997529149    
   3995108.50      0.997522652    
   4006355.00      0.997520983    
   4017601.25      0.997503340    
   4028847.75      0.997490644    
   4040094.00      0.997487485    
   4051340.50      0.997485638    
   4062587.00      0.997466803    
   4073833.00      0.997454584    
   4085079.00      0.997459948    
   4096325.00      0.997447610    
   4107571.25      0.997449040    
   4118817.50      0.997444749    
   4130064.00      0.997441530    
   4141310.00      0.997434258    
   4152556.25      0.997430563    
   4163802.25      0.997423410    
   4175048.25      0.997425079    
   4186294.50      0.997409463    
   4197541.00      0.997400463    
   4208787.00      0.997396708    
   4220033.50      0.997391343    
   4231279.50      0.997393727    
   4242526.00      0.997381687    
   4253772.50      0.997386873    
   4265018.50      0.997377634    
   4276264.50      0.997368753    
   4287510.50      0.997361600    
   4298757.00      0.997360766    
   4310003.00      0.997354746    
   4321249.50      0.997344971    
   4332495.50      0.997333348    
   4343742.00      0.997324765    
   4354988.00      0.997313321    
   4366234.00      0.997307003    
   4377480.50      0.997300923    
   4388727.00      0.997297883    
   4399973.50      0.997293711    
   4411219.50      0.997291207    
   4422465.50      0.997281671    
   4433711.50      0.997269571    
   4444958.00      0.997258425    
   4456204.50      0.997249067    
   4467450.50      0.997238159    
   4478696.50      0.997237682    
   4489942.50      0.997233868    
   4501189.00      0.997232497    
   4512435.00      0.997235894    
   4523681.50      0.997217417    
   4534927.50      0.997211516    
   4546174.00      0.997201741    
   4557420.50      0.997201025    
   4568667.00      0.997187853    
   4579913.50      0.997186959    
   4591159.50      0.997190237    
   4602406.00      0.997190475    
   4613652.00      0.997184992    
   4624898.00      0.997185588    
   4636144.50      0.997181535    
   4647390.50      0.997166574    
   4658637.00      0.997166157    
   4669883.00      0.997153699    
   4681129.00      0.997157037    
   4692375.00      0.997140944    
   4703621.50      0.997133791    
   4714868.00      0.997127593    
   4726114.00      0.997127712    
   4737360.50      0.997126698    
   4748607.00      0.997129142    
   4759853.50      0.997130632    
   4771100.00      0.997118473    
   4782346.00      0.997116625    
   4793592.00      0.997104347    
   4804838.00      0.997103095    
   4816084.00      0.997098863    
   4827330.50      0.997098029    
   4838577.00      0.997092307    
   4849823.00      0.997085631    
   4861069.00      0.997078240    
   4872315.00      0.997081399    
   4883561.50      0.997083485    
   4894807.50      0.997078001    
   4906054.00      0.997072577    
   4917300.50      0.997071445    
   4928546.50      0.997064352    
   4939792.50      0.997051537    
   4951039.00      0.997051597    
   4962285.50      0.997039735    
   4973531.50      0.997020245    
   4984777.50      0.997021496    
   4996023.50      0.997021854    
   5007270.00      0.997013688    
   5018516.00      0.997001708    
   5029762.00      0.996994197    
   5041008.50      0.996983171    
   5052254.50      0.996976852    
   5063501.00      0.996975005    
   5074747.00      0.996960163    
   5085993.50      0.996962428    
   5097240.00      0.996957064    
   5108486.00      0.996950388    
   5119732.00      0.996950090    
   5130978.00      0.996951759    
   5142224.50      0.996948719    
   5153471.00      0.996945262    
   5164717.50      0.996932626    
   5175963.50      0.996921062    
   5187209.50      0.996912718    
   5198455.50      0.996914446    
   5209702.00      0.996910453    
   5220948.00      0.996899009    
   5232194.50      0.996894538    
   5243440.50      0.996879876    
   5254687.00      0.996874213    
   5265933.50      0.996862352    
   5277180.00      0.996857703    
   5288426.00      0.996850073    
   5299672.00      0.996842325    
   5310918.00      0.996829808    
   5322164.00      0.996822119    
   5333410.00      0.996814132    
   5344656.50      0.996810615    
   5355903.00      0.996812105    
   5367149.00      0.996805787    
   5378395.50      0.996797562    
   5389641.50      0.996789575    
   5400887.50      0.996788919    
   5412134.00      0.996789694    
   5423380.00      0.996781290    
   5434626.50      0.996764123    
   5445872.50      0.996762037    
   5457118.50      0.996755362    
   5468365.00      0.996756434    
   5479611.00      0.996749520    
   5490857.00      0.996749878    
   5502103.00      0.996759653    
   5513350.00      0.996750712    
   5524596.00      0.996746540    
   5535842.00      0.996750772    
   5547088.00      0.996737659    
   5558334.00      0.996732950    
   5569581.00      0.996733069    
   5580827.00      0.996734321    
   5592073.00      0.996742606    
   5603319.00      0.996741652    
   5614566.00      0.996738493    
   5625812.00      0.996721327    
   5637058.50      0.996723950    
   5648304.50      0.996721745    
   5659550.50      0.996720493    
   5670797.00      0.996722639    
   5682043.00      0.996710181    
   5693289.50      0.996694863    
   5704535.50      0.996677458    
   5715782.00      0.996674895    
   5727028.00      0.996680915    
   5738274.00      0.996688902    
   5749520.00      0.996688008    
   5760766.00      0.996675193    
   5772013.00      0.996666312    
   5783259.00      0.996664941    
   5794505.50      0.996660471    
   5805751.50      0.996656418    
   5816998.50      0.996654451    
   5828244.50      0.996659219    
   5839490.50      0.996653497    
   5850736.50      0.996652365    
   5861982.50      0.996648073    
   5873229.00      0.996643960    
   5884475.00      0.996644914    
   5895721.50      0.996642172    
   5906967.50      0.996637523    
   5918214.00      0.996626258    
   5929460.00      0.996616066    
   5940706.00      0.996607065    
   5951952.00      0.996605277    
   5963198.00      0.996597767    
   5974445.00      0.996586561    
   5985691.00      0.996577203    
   5996937.00      0.996573687    
   6008183.00      0.996559322    
   6019430.00      0.996555626    
   6030676.00      0.996546566    
   6041922.00      0.996538401    
   6053168.00      0.996528149    
   6064414.00      0.996515334    
   6075660.00      0.996506572    
   6086906.00      0.996497095    
   6098153.00      0.996487141    
   6109399.00      0.996482849    
   6120645.00      0.996472180    
   6131891.00      0.996464789    
   6143138.00      0.996456504    
   6154384.50      0.996446908    
   6165630.50      0.996438742    
   6176877.00      0.996432900    
   6188123.00      0.996437311    
   6199369.00      0.996423542    
   6210615.00      0.996414542    
   6221862.00      0.996411979    
   6233108.00      0.996408105    
   6244354.00      0.996404290    
   6255600.00      0.996399760    
   6266846.00      0.996406257    
   6278093.00      0.996395111    
   6289339.00      0.996384144    
   6300585.50      0.996365488    
   6311831.50      0.996363401    
   6323078.50      0.996360302    
   6334324.50      0.996363282    
   6345570.50      0.996354520    
   6356816.50      0.996353745    
   6368062.50      0.996350050    
   6379309.00      0.996347368    
   6390555.00      0.996328652    
   6401801.50      0.996321082    
   6413047.50      0.996316373    
   6424294.00      0.996309459    
   6435540.00      0.996303558    
   6446786.00      0.996294916    
   6458032.00      0.996284544    
   6469278.00      0.996278226    
   6480525.00      0.996273816    
   6491771.00      0.996276021    
   6503017.50      0.996275127    
   6514263.50      0.996270776    
   6525510.50      0.996266127    
   6536756.50      0.996263206    
   6548002.50      0.996263027    
   6559248.50      0.996260881    
   6570494.50      0.996254861    
   6581741.00      0.996251881    
   6592987.00      0.996242583    
   6604233.50      0.996249914    
   6615479.50      0.996247947    
   6626726.50      0.996236503    
   6637972.50      0.996236503    
   6649219.00      0.996234357    
   6660465.50      0.996221483    
   6671711.50      0.996222019    
   6682958.00      0.996212184    
   6694204.00      0.996210039    
   6705450.00      0.996204436    
   6716696.50      0.996200323    
   6727943.00      0.996200860    
   6739189.00      0.996196151    
   6750435.00      0.996191561    
   6761681.50      0.996193826    
   6772927.50      0.996192753    
   6784173.50      0.996181130    
   6795419.50      0.996167123    
   6806666.00      0.996156633    
   6817912.50      0.996163428    
   6829159.00      0.996152043    
   6840405.00      0.996146381    
   6851652.00      0.996140361    
   6862898.00      0.996135771    
   6874144.00      0.996125877    
   6885390.00      0.996123075    
   6896636.00      0.996116161    
   6907882.00      0.996113598    
   6919128.50      0.996103585    
   6930374.50      0.996093512    
   6941620.50      0.996089697    
   6952867.00      0.996092081    
   6964113.50      0.996093512    
   6975360.00      0.996085286    
   6986606.50      0.996076047    
   6997853.00      0.996074498    
   7009099.50      0.996071219    
   7020345.50      0.996068954    
   7031592.50      0.996058822    
   7042838.50      0.996055543    
   7054084.50      0.996052980    
   7065330.50      0.996049345    
   7076576.50      0.996037006    
   7087822.50      0.996032774    
   7099069.00      0.996024907    
   7110315.50      0.996013880    
   7121561.50      0.996012032    
   7132808.50      0.996012866    
   7144054.50      0.996003330    
   7155301.00      0.996001184    
   7166547.00      0.995987773    
   7177793.50      0.995987177    
   7189039.50      0.995989084    
   7200285.50      0.995986342    
   7211531.50      0.995991468    
   7222777.50      0.995989919    
   7234024.50      0.995978236    
   7245270.50      0.995974064    
   7256516.50      0.995972812    
   7267762.50      0.995967865    
   7279009.50      0.995966733    
   7290255.50      0.995960593    
   7301501.50      0.995950162    
   7312748.00      0.995936275    
   7323994.00      0.995930016    
   7335241.00      0.995926976    
   7346487.00      0.995926142    
   7357734.00      0.995919049    
   7368980.00      0.995924175    
   7380226.00      0.995908976    
   7391472.00      0.995904088    
   7402718.00      0.995905280    
   7413964.00      0.995901287    
   7425210.00      0.995899677    
   7436457.00      0.995902658    
   7447703.00      0.995898068    
   7458950.00      0.995902479    
   7470196.00      0.995896935    
   7481442.50      0.995884180    
   7492689.50      0.995882571    
   7503935.50      0.995877445    
   7515181.50      0.995871603    
   7526427.50      0.995853961    
   7537673.50      0.995846093    
   7548919.50      0.995837688    
   7560166.50      0.995832443    
   7571412.50      0.995827734    
   7582658.50      0.995822072    
   7593904.50      0.995819032    
   7605151.50      0.995810926    
   7616398.00      0.995799720    
   7627644.00      0.995791614    
   7638891.00      0.995794117    
   7650137.00      0.995792031    
   7661383.50      0.995788932    
   7672630.00      0.995789170    
   7683876.50      0.995785236    
   7695122.50      0.995778561    
   7706368.50      0.995770216    
   7717614.50      0.995769441    
   7728861.00      0.995768487    
   7740107.50      0.995751262    
   7751353.50      0.995735466    
   7762599.50      0.995726228    
   7773846.00      0.995717227    
   7785092.50      0.995714545    
   7796338.50      0.995711505    
   7807585.50      0.995716989    
   7818832.00      0.995702386    
   7830078.00      0.995697796    
   7841324.00      0.995687485    
   7852570.00      0.995671451    
   7863817.00      0.995664358    
   7875063.00      0.995663166    
   7886309.00      0.995655417    
   7897555.00      0.995646656    
   7908801.50      0.995634139    
   7920047.50      0.995629430    
   7931293.50      0.995618105    
   7942540.00      0.995619178    
   7953786.00      0.995616019    
   7965033.00      0.995606899    
   7976279.00      0.995604336    
   7987526.00      0.995601892    
   7998772.00      0.995592415    
   8010018.00      0.995590210    
   8021264.00      0.995568454    
   8032510.00      0.995560408    
   8043756.00      0.995563209    
   8055002.00      0.995554149    
   8066249.00      0.995552540    
   8077495.00      0.995546401    
   8088741.00      0.995557249    
   8099987.00      0.995548964    
   8111234.00      0.995540261    
   8122480.00      0.995537877    
   8133726.00      0.995530367    
   8144973.00      0.995524287    
   8156219.00      0.995520949    
   8167465.00      0.995518625    
   8178711.00      0.995520353    
   8189958.00      0.995517254    
   8201204.00      0.995506287    
   8212450.00      0.995500863    
   8223696.00      0.995503604    
   8234942.00      0.995499194    
   8246188.00      0.995494843    
   8257434.00      0.995477200    
   8268681.00      0.995475769    
   8279927.00      0.995467663    
   8291173.00      0.995456696    
   8302419.00      0.995468140    
   8313666.00      0.995470107    
   8324912.50      0.995462120    
   8336158.50      0.995449662    
   8347405.00      0.995444715    
   8358651.00      0.995440841    
   8369897.00      0.995428860    
   8381143.00      0.995434344    
   8392389.00      0.995424569    
   8403635.00      0.995413303    
   8414881.00      0.995414972    
   8426127.00      0.995416999    
   8437373.00      0.995404840    
   8448620.00      0.995400250    
   8459866.00      0.995390773    
   8471112.00      0.995397389    
   8482358.00      0.995395660    
   8493605.00      0.995391309    
   8504851.00      0.995387852    
   8516097.00      0.995383441    
   8527343.00      0.995370805    
   8538589.00      0.995364785    
   8549836.00      0.995359778    
   8561082.00      0.995352328    
   8572328.00      0.995341122    
   8583574.00      0.995352805    
   8594820.00      0.995356798    
   8606067.00      0.995358944    
   8617313.00      0.995352268    
   8628559.00      0.995338082    
   8639805.00      0.995338380    
   8651052.00      0.995327532    
   8662298.00      0.995333016    
   8673544.00      0.995341659    
   8684790.00      0.995331585    
   8696036.00      0.995330870    
   8707283.00      0.995330334    
   8718529.00      0.995319188    
   8729775.00      0.995315850    
   8741021.00      0.995301723    
   8752267.00      0.995295405    
   8763513.00      0.995292664    
   8774760.00      0.995287180    
   8786006.00      0.995270014    
   8797252.00      0.995266259    
   8808498.00      0.995254815    
   8819744.00      0.995257854    
   8830991.00      0.995243967    
   8842237.00      0.995235980    
   8853484.00      0.995232463    
   8864730.00      0.995225310    
   8875976.00      0.995222270    
   8887222.00      0.995222390    
   8898468.00      0.995227516    
   8909715.00      0.995220423    
   8920961.00      0.995211244    
   8932207.00      0.995210826    
   8943453.00      0.995207429    
   8954699.00      0.995203078    
   8965945.00      0.995209575    
   8977192.00      0.995213628    
   8988438.00      0.995204985    
   8999684.00      0.995201170    
   9010931.00      0.995195210    
   9022177.00      0.995192468    
   9033424.00      0.995180368    
   9044670.00      0.995171130    
   9055916.00      0.995165050    
   9067162.00      0.995156467    
   9078408.00      0.995144725    
   9089654.00      0.995144069    
   9100900.00      0.995141208    
   9112147.00      0.995124876    
   9123393.00      0.995119274    
   9134639.00      0.995113969    
   9145885.00      0.995096445    
   9157132.00      0.995079517    
   9168378.00      0.995067298    
   9179624.00      0.995066404    
   9190870.00      0.995063484    
   9202117.00      0.995056152    
   9213363.00      0.995051801    
   9224609.00      0.995035350    
   9235855.00      0.995030999    
   9247101.00      0.995027602    
   9258348.00      0.995013475    
   9269594.00      0.995007455    
   9280840.00      0.995008826    
   9292086.00      0.994997501    
   9303332.00      0.995002747    
   9314579.00      0.994990230    
   9325825.00      0.994986653    
   9337071.00      0.994981229    
   9348317.00      0.994992852    
   9359564.00      0.994983733    
   9370810.00      0.994979024    
   9382056.00      0.994973779    
   9393302.00      0.994974434    
   9404549.00      0.994975507    
   9415795.00      0.994974613    
   9427041.00      0.994968116    
   9438287.00      0.994959772    
   9449533.00      0.994955897    
   9460780.00      0.994938433    
   9472026.00      0.994932711    
   9483272.00      0.994924247    
   9494518.00      0.994920373    
   9505764.00      0.994915187    
   9517011.00      0.994915485    
   9528257.00      0.994899988    
   9539503.00      0.994892359    
   9550749.00      0.994893789    
   9561996.00      0.994895756    
   9573242.00      0.994895697    
   9584488.00      0.994894326    
   9595734.00      0.994879782    
   9606980.00      0.994891405    
   9618227.00      0.994892895    
   9629473.00      0.994890571    
   9640719.00      0.994900107    
   9651965.00      0.994896293    
   9663212.00      0.994893551    
   9674458.00      0.994896233    
   9685704.00      0.994887292    
   9696950.00      0.994885623    
   9708197.00      0.994883120    
   9719443.00      0.994882405    
   9730689.00      0.994879365    
   9741935.00      0.994877636    
   9753181.00      0.994875848    
   9764428.00      0.994868100    
   9775674.00      0.994858027    
   9786920.00      0.994854450    
   9798166.00      0.994848490    
   9809412.00      0.994842172    
   9820659.00      0.994842291    
   9831905.00      0.994838119    
   9843151.00      0.994838774    
   9854397.00      0.994846106    
   9865644.00      0.994833708    
   9876890.00      0.994836628    
   9888137.00      0.994832218    
   9899383.00      0.994823217    
   9910630.00      0.994813859    
   9921876.00      0.994815767    
   9933122.00      0.994812071    
   9944368.00      0.994806290    
   9955614.00      0.994801283    
   9966860.00      0.994795680    
   9978106.00      0.994784415    
   9989353.00      0.994774163    
   10000599.0      0.994774103    
   10011846.0      0.994762778    
   10023092.0      0.994759202    
   10034339.0      0.994753897    
   10045585.0      0.994758606    
   10056831.0      0.994751751    
   10068077.0      0.994738400    
   10079324.0      0.994729817    
   10090570.0      0.994724751    
   10101816.0      0.994714379    
   10113062.0      0.994705439    
   10124308.0      0.994696796    
   10135555.0      0.994698346    
   10146801.0      0.994684398    
   10158047.0      0.994691133    
   10169293.0      0.994674146    
   10180539.0      0.994667292    
   10191786.0      0.994663477    
   10203032.0      0.994646966    
   10214278.0      0.994643927    
   10225524.0      0.994637132    
   10236771.0      0.994639158    
   10248017.0      0.994640350    
   10259263.0      0.994634449    
   10270509.0      0.994629145    
   10281756.0      0.994637907    
   10293002.0      0.994627774    
   10304248.0      0.994613409    
   10315494.0      0.994602025    
   10326740.0      0.994594574    
   10337987.0      0.994592667    
   10349233.0      0.994581759    
   10360480.0      0.994572282    
   10371727.0      0.994567871    
   10382973.0      0.994560599    
   10394219.0      0.994554162    
   10405465.0      0.994535744    
   10416711.0      0.994519889    
   10427957.0      0.994521201    
   10439204.0      0.994516611    
   10450450.0      0.994503558    
   10461696.0      0.994508147    
   10472942.0      0.994491816    
   10484189.0      0.994477749    
   10495436.0      0.994480371    
   10506682.0      0.994475782    
   10517928.0      0.994476080    
   10529174.0      0.994467497    
   10540421.0      0.994464397    
   10551667.0      0.994464099    
   10562913.0      0.994457781    
   10574159.0      0.994457304    
   10585405.0      0.994459510    
   10596652.0      0.994460881    
   10607898.0      0.994453192    
   10619144.0      0.994450212    
   10630390.0      0.994452357    
   10641636.0      0.994448721    
   10652883.0      0.994451463    
   10664129.0      0.994450152    
   10675375.0      0.994452059    
   10686621.0      0.994452834    
   10697868.0      0.994435191    
   10709114.0      0.994438350    
   10720361.0      0.994425058    
   10731607.0      0.994418204    
   10742853.0      0.994416177    
   10754099.0      0.994414449    
   10765345.0      0.994417548    
   10776591.0      0.994412541    
   10787837.0      0.994407296    
   10799084.0      0.994392872    
   10810330.0      0.994387448    
   10821576.0      0.994383931    
   10832822.0      0.994381189    
   10844068.0      0.994362891    
   10855314.0      0.994356751    
   10866560.0      0.994356990    
   10877806.0      0.994357586    
   10889052.0      0.994357228    
   10900298.0      0.994355559    
   10911544.0      0.994358122    
   10922790.0      0.994354248    
   10934036.0      0.994344115    
   10945283.0      0.994337142    
   10956529.0      0.994334280    
   10967775.0      0.994325638    
   10979022.0      0.994324803    
   10990268.0      0.994323790    
   11001514.0      0.994313717    
   11012762.0      0.994308472    
   11024008.0      0.994301021    
   11035254.0      0.994297922    
   11046500.0      0.994299829    
   11057747.0      0.994283140    
   11068993.0      0.994281411    
   11080239.0      0.994274676    
   11091485.0      0.994274616    
   11102733.0      0.994267821    
   11113979.0      0.994264245    
   11125225.0      0.994266689    
   11136472.0      0.994257808    
   11147718.0      0.994250476    
   11158964.0      0.994250238    
   11170211.0      0.994246125    
   11181458.0      0.994238138    
   11192704.0      0.994226813    
   11203950.0      0.994219363    
   11215197.0      0.994208276    
   11226444.0      0.994199514    
   11237690.0      0.994191885    
   11248936.0      0.994183362    
   11260183.0      0.994185627    
   11271429.0      0.994181573    
   11282675.0      0.994178951    
   11293921.0      0.994178593    
   11305169.0      0.994173586    
   11316415.0      0.994162202    
   11327661.0      0.994154990    
   11338908.0      0.994144201    
   11350154.0      0.994137526    
   11361400.0      0.994138658    
   11372646.0      0.994138718    
   11383894.0      0.994130254    
   11395140.0      0.994129658    
   11406386.0      0.994121790    
   11417632.0      0.994117498    
   11428879.0      0.994117975    
   11440125.0      0.994109035    
   11451372.0      0.994102955    
   11462619.0      0.994095087    
   11473865.0      0.994091749    
   11485111.0      0.994090736    
   11496357.0      0.994093835    
   11507604.0      0.994094908    
   11518851.0      0.994089365    
   11530097.0      0.994086385    
   11541343.0      0.994087934    
   11552589.0      0.994077981    
   11563835.0      0.994073510    
   11575081.0      0.994070768    
   11586327.0      0.994066298    
   11597573.0      0.994069815    
   11608819.0      0.994069040    
   11620065.0      0.994068205    
   11631313.0      0.994064927    
   11642559.0      0.994061947    
   11653805.0      0.994052827    
   11665051.0      0.994054794    
   11676297.0      0.994037449    
   11687543.0      0.994022965    
   11698789.0      0.994018853    
   11710035.0      0.994018257    
   11721281.0      0.994003594    
   11732527.0      0.993995070    
   11743773.0      0.993993282    
   11755020.0      0.993989885    
   11766266.0      0.993993759    
   11777512.0      0.993986845    
   11788759.0      0.993983090    
   11800005.0      0.993970633    
   11811251.0      0.993967533    
   11822497.0      0.993959367    
   11833743.0      0.993953943    
   11844989.0      0.993952096    
   11856236.0      0.993943691    
   11867482.0      0.993932486    
   11878728.0      0.993926704    
   11889974.0      0.993916869    
   11901220.0      0.993919313    
   11912466.0      0.993907630    
   11923712.0      0.993900299    
   11934958.0      0.993895292    
   11946204.0      0.993891835    
   11957450.0      0.993871093    
   11968696.0      0.993870080    
   11979942.0      0.993864000    
   11991188.0      0.993855357    
   12002435.0      0.993857265    
   12013681.0      0.993856251    
   12024927.0      0.993844092    
   12036173.0      0.993834615    
   12047419.0      0.993829191    
   12058665.0      0.993817449    
   12069911.0      0.993808568    
   12081157.0      0.993803084    
   12092403.0      0.993807435    
   12103649.0      0.993799210    
   12114897.0      0.993793249    
   12126143.0      0.993791878    
   12137389.0      0.993787229    
   12148636.0      0.993774593    
   12159882.0      0.993768752    
   12171128.0      0.993760824    
   12182374.0      0.993758976    
   12193620.0      0.993752599    
   12204867.0      0.993752420    
   12216113.0      0.993740857    
   12227359.0      0.993732989    
   12238605.0      0.993738711    
   12249851.0      0.993740976    
   12261097.0      0.993740439    
   12272344.0      0.993723750    
   12283590.0      0.993726254    
   12294836.0      0.993716955    
   12306083.0      0.993714273    
   12317330.0      0.993711293    
   12328576.0      0.993700743    
   12339822.0      0.993697345    
   12351068.0      0.993699312    
   12362314.0      0.993697107    
   12373560.0      0.993699551    
   12384806.0      0.993690312    
   12396054.0      0.993678987    
   12407300.0      0.993673325    
   12418546.0      0.993667424    
   12429792.0      0.993674457    
   12441038.0      0.993672311    
   12452284.0      0.993671238    
   12463530.0      0.993676364    
   12474778.0      0.993672490    
   12486024.0      0.993669748    
   12497270.0      0.993668914    
   12508516.0      0.993668914    
   12519763.0      0.993668616    
   12531009.0      0.993663549    
   12542255.0      0.993668914    
   12553501.0      0.993670285    
   12564748.0      0.993661165    
   12575994.0      0.993652582    
   12587240.0      0.993648350    
   12598487.0      0.993654728    
   12609733.0      0.993650615    
   12620979.0      0.993652880    
   12632225.0      0.993642330    
   12643473.0      0.993640900    
   12654719.0      0.993637085    
   12665965.0      0.993630767    
   12677211.0      0.993620813    
   12688457.0      0.993622124    
   12699703.0      0.993630886    
   12710949.0      0.993628085    
   12722196.0      0.993625104    
   12733443.0      0.993624806    
   12744689.0      0.993621290    
   12755935.0      0.993626118    
   12767181.0      0.993614495    
   12778427.0      0.993609488    
   12789673.0      0.993601978    
   12800919.0      0.993597269    
   12812165.0      0.993586779    
   12823411.0      0.993589103    
   12834657.0      0.993589878    
   12845905.0      0.993580937    
   12857151.0      0.993579268    
   12868397.0      0.993573666    
   12879643.0      0.993568659    
   12890889.0      0.993566990    
   12902135.0      0.993572533    
   12913381.0      0.993560493    
   12924628.0      0.993562341    
   12935875.0      0.993552566    
   12947121.0      0.993549645    
   12958367.0      0.993543088    
   12969613.0      0.993544638    
   12980859.0      0.993544221    
   12992105.0      0.993529379    
   13003352.0      0.993526518    
   13014598.0      0.993524790    
   13025844.0      0.993506789    
   13037091.0      0.993509054    
   13048338.0      0.993507087    
   13059584.0      0.993494809    
   13070830.0      0.993489444    
   13082076.0      0.993484974    
   13093322.0      0.993484676    
   13104568.0      0.993479669    
   13115814.0      0.993466258    
   13127060.0      0.993464887    
   13138307.0      0.993467093    
   13149553.0      0.993469477    
   13160799.0      0.993451893    
   13172045.0      0.993440628    
   13183291.0      0.993433714    
   13194537.0      0.993429542    
   13205783.0      0.993423402    
   13217029.0      0.993419468    
   13228275.0      0.993413448    
   13239521.0      0.993414283    
   13250767.0      0.993405163    
   13262013.0      0.993395627    
   13273260.0      0.993392110    
   13284506.0      0.993384242    
   13295752.0      0.993386388    
   13306998.0      0.993378758    
   13318244.0      0.993373573    
   13329491.0      0.993369877    
   13340737.0      0.993378401    
   13351983.0      0.993376136    
   13363231.0      0.993375540    
   13374477.0      0.993372202    
   13385723.0      0.993358612    
   13396969.0      0.993357241    
   13408215.0      0.993355036    
   13419461.0      0.993353665    
   13430707.0      0.993338645    
   13441953.0      0.993334591    
   13453199.0      0.993329704    
   13464445.0      0.993321180    
   13475692.0      0.993316710    
   13486939.0      0.993308127    
   13498185.0      0.993306339    
   13509431.0      0.993310034    
   13520677.0      0.993305027    
   13531924.0      0.993297398    
   13543171.0      0.993289351    
   13554417.0      0.993283451    
   13565663.0      0.993279338    
   13576909.0      0.993272007    
   13588155.0      0.993273258    
   13599401.0      0.993262768    
   13610647.0      0.993252099    
   13621893.0      0.993248522    
   13633139.0      0.993238211    
   13644385.0      0.993240058    
   13655631.0      0.993228912    
   13666877.0      0.993219554    
   13678124.0      0.993220270    
   13689371.0      0.993208110    
   13700617.0      0.993202031    
   13711863.0      0.993190408    
   13723109.0      0.993197799    
   13734355.0      0.993198931    
   13745601.0      0.993197322    
   13756847.0      0.993200123    
   13768093.0      0.993189752    
   13779340.0      0.993182659    
   13790586.0      0.993182361    
   13801832.0      0.993178129    
   13813079.0      0.993169487    
   13824325.0      0.993157804    
   13835571.0      0.993160009    
   13846817.0      0.993153155    
   13858063.0      0.993141472    
   13869309.0      0.993131936    
   13880556.0      0.993120015    
   13891802.0      0.993116915    
   13903048.0      0.993103862    
   13914294.0      0.993097544    
   13925540.0      0.993089616    
   13936787.0      0.993084013    
   13948033.0      0.993092418    
   13959279.0      0.993088782    
   13970525.0      0.993084669    
   13981772.0      0.993076622    
   13993018.0      0.993083417    
   14004264.0      0.993080199    
   14015511.0      0.993071079    
   14026757.0      0.993063986    
   14038003.0      0.993063867    
   14049249.0      0.993062377    
   14060497.0      0.993058562    
   14071743.0      0.993045032    
   14082989.0      0.993053377    
   14094235.0      0.993040383    
   14105481.0      0.993042469    
   14116727.0      0.993041992    
   14127973.0      0.993035257    
   14139220.0      0.993028998    
   14150467.0      0.993026197    
   14161713.0      0.993022382    
   14172959.0      0.993022919    
   14184205.0      0.993007898    
   14195451.0      0.993004620    
   14206697.0      0.993007302    
   14217943.0      0.993008494    
   14229189.0      0.993007839    
   14240435.0      0.993008256    
   14251681.0      0.993016362    
   14262929.0      0.993009090    
   14274175.0      0.993009210    
   14285421.0      0.993005931    
   14296667.0      0.993004560    
   14307913.0      0.993002951    
   14319159.0      0.993000746    
   14330405.0      0.993005991    
   14341651.0      0.992995918    
   14352897.0      0.992990851    
   14364143.0      0.992986143    
   14375389.0      0.992988288    
   14386636.0      0.992982328    
   14397882.0      0.992973566    
   14409128.0      0.992970526    
   14420375.0      0.992961287    
   14431621.0      0.992959380    
   14442867.0      0.992955983    
   14454113.0      0.992954791    
   14465359.0      0.992957711    
   14476605.0      0.992970943    
   14487852.0      0.992967904    
   14499098.0      0.992969871    
   14510344.0      0.992953897    
   14521590.0      0.992950141    
   14532836.0      0.992942095    
   14544082.0      0.992949545    
   14555328.0      0.992937624    
   14566574.0      0.992937863    
   14577820.0      0.992942452    
   14589066.0      0.992932558    
   14600312.0      0.992931128    
   14611558.0      0.992921889    
   14622804.0      0.992913365    
   14634051.0      0.992907465    
   14645297.0      0.992897749    
   14656543.0      0.992899776    
   14667789.0      0.992886722    
   14679035.0      0.992878854    
   14690281.0      0.992870271    
   14701527.0      0.992865622    
   14712773.0      0.992855430    
   14724019.0      0.992851198    
   14735265.0      0.992845178    
   14746513.0      0.992841661    
   14757759.0      0.992839456    
   14769005.0      0.992826819    
   14780252.0      0.992822289    
   14791498.0      0.992817223    
   14802744.0      0.992801309    
   14813990.0      0.992791831    
   14825236.0      0.992788374    
   14836483.0      0.992784321    
   14847729.0      0.992777467    
   14858975.0      0.992774785    
   14870221.0      0.992763817    
   14881467.0      0.992757976    
   14892713.0      0.992747962    
   14903960.0      0.992750645    
   14915206.0      0.992748439    
   14926452.0      0.992740631    
   14937699.0      0.992726266    
   14948946.0      0.992722034    
   14960192.0      0.992724895    
   14971438.0      0.992721021    
   14982684.0      0.992718041    
   14993930.0      0.992713928    
   15005176.0      0.992699504    
   15016422.0      0.992689967    
   15027670.0      0.992681146    
   15038916.0      0.992667139    
   15050162.0      0.992664576    
   15061408.0      0.992652357    
   15072654.0      0.992645442    
   15083900.0      0.992641151    
   15095146.0      0.992635667    
   15106394.0      0.992625833    
   15117640.0      0.992620528    
   15128886.0      0.992608428    
   15140132.0      0.992594659    
   15151379.0      0.992595911    
   15162625.0      0.992589891    
   15173871.0      0.992585063    
   15185117.0      0.992579281    
   15196364.0      0.992575884    
   15207610.0      0.992574155    
   15218856.0      0.992566049    
   15230103.0      0.992569685    
   15241349.0      0.992565632    
   15252595.0      0.992559671    
   15263841.0      0.992561042    
   15275087.0      0.992549837    
   15286333.0      0.992555082    
   15297580.0      0.992547929    
   15308826.0      0.992549539    
   15320072.0      0.992543638    
   15331318.0      0.992538691    
   15342564.0      0.992525935    
   15353811.0      0.992513955    
   15365057.0      0.992512822    
   15376303.0      0.992512226    
   15387549.0      0.992515922    
   15398796.0      0.992517531    
   15410042.0      0.992510378    
   15421288.0      0.992493391    
   15432535.0      0.992492914    
   15443781.0      0.992484331    
   15455027.0      0.992479503    
   15466273.0      0.992480934    
   15477519.0      0.992469311    
   15488765.0      0.992466033    
   15500012.0      0.992478132    
   15511256.0      0.992474675    
   15522502.0      0.992455006    
   15533748.0      0.992452383    
   15544995.0      0.992457867    
   15556242.0      0.992456913    
   15567488.0      0.992467523    
   15578734.0      0.992458582    
   15589980.0      0.992453933    
   15601226.0      0.992447078    
   15612472.0      0.992444754    
   15623718.0      0.992440939    
   15634964.0      0.992435634    
   15646211.0      0.992432356    
   15657457.0      0.992432415    
   15668703.0      0.992424905    
   15679949.0      0.992429912    
   15691195.0      0.992428303    
   15702441.0      0.992424488    
   15713687.0      0.992422462    
   15724933.0      0.992415786    
   15736179.0      0.992420137    
   15747425.0      0.992412269    
   15758671.0      0.992403090    
   15769917.0      0.992397070    
   15781164.0      0.992399454    
   15792410.0      0.992386043    
   15803656.0      0.992372811    
   15814902.0      0.992367804    
   15826148.0      0.992364585    
   15837394.0      0.992362797    
   15848640.0      0.992347002    
   15859886.0      0.992345512    
   15871132.0      0.992340863    
   15882378.0      0.992336035    
   15893624.0      0.992336571    
   15904870.0      0.992334962    
   15916116.0      0.992336988    
   15927363.0      0.992331147    
   15938609.0      0.992325902    
   15949855.0      0.992313743    
   15961101.0      0.992303491    
   15972347.0      0.992302418    
   15983593.0      0.992305458    
   15994840.0      0.992303073    
   16006086.0      0.992301404    
   16017332.0      0.992304742    
   16028579.0      0.992293239    
   16039825.0      0.992294252    
   16051071.0      0.992297769    
   16062317.0      0.992280900    
   16073564.0      0.992281318    
   16084810.0      0.992287278    
   16096056.0      0.992276430    
   16107302.0      0.992256403    
   16118548.0      0.992255688    
   16129795.0      0.992236078    
   16141041.0      0.992237389    
   16152287.0      0.992238820    
   16163533.0      0.992227376    
   16174779.0      0.992224813    
   16186025.0      0.992214561    
   16197272.0      0.992211580    
   16208518.0      0.992204487    
   16219764.0      0.992194772    
   16231011.0      0.992189765    
   16242257.0      0.992175460    
   16253503.0      0.992166340    
   16264749.0      0.992164969    
   16275995.0      0.992151260    
   16287241.0      0.992153764    
   16298487.0      0.992139339    
   16309733.0      0.992131412    
   16320980.0      0.992133617    
   16332227.0      0.992129385    
   16343473.0      0.992122114    
   16354719.0      0.992123842    
   16365965.0      0.992121458    
   16377211.0      0.992116570    
   16388457.0      0.992110372    
   16399704.0      0.992113650    
   16410950.0      0.992117107    
   16422196.0      0.992113292    
   16433443.0      0.992113709    
   16444689.0      0.992105544    
   16455935.0      0.992096007    
   16467181.0      0.992091060    
   16478426.0      0.992091775    
   16489672.0      0.992092311    
   16500918.0      0.992081463    
   16512164.0      0.992069542    
   16523410.0      0.992063701    
   16534656.0      0.992047250    
   16545902.0      0.992034435    
   16557148.0      0.992028117    
   16568394.0      0.992028415    
   16579640.0      0.992015243    
   16590886.0      0.992009342    
   16602132.0      0.992003381    
   16613379.0      0.991990566    
   16624625.0      0.991989076    
   16635871.0      0.991978288    
   16647117.0      0.991974652    
   16658363.0      0.991968155    
   16669609.0      0.991974592    
   16680854.0      0.991956890    
   16692100.0      0.991965175    
   16703346.0      0.991954863    
   16714592.0      0.991944194    
   16725839.0      0.991938949    
   16737085.0      0.991921782    
   16748332.0      0.991924763    
   16759578.0      0.991917849    
   16770824.0      0.991913974    
   16782070.0      0.991913140    
   16793316.0      0.991902709    
   16804562.0      0.991895199    
   16815808.0      0.991894245    
   16827054.0      0.991880417    
   16838300.0      0.991881788    
   16849546.0      0.991867661    
   16860792.0      0.991865873    
   16872038.0      0.991867423    
   16883284.0      0.991863251    
   16894530.0      0.991851091    
   16905776.0      0.991844356    
   16917022.0      0.991834819    
   16928268.0      0.991840363    
   16939514.0      0.991841137    
   16950760.0      0.991831839    
   16962006.0      0.991823256    
   16973252.0      0.991808534    
   16984498.0      0.991802514    
   16995744.0      0.991787791    
   17006990.0      0.991787553    
   17018236.0      0.991781056    
   17029482.0      0.991782606    
   17040728.0      0.991766870    
   17051974.0      0.991759360    
   17063220.0      0.991760194    
   17074466.0      0.991764367    
   17085712.0      0.991759777    
   17096958.0      0.991760612    
   17108204.0      0.991763592    
   17119450.0      0.991750360    
   17130696.0      0.991738141    
   17141944.0      0.991737902    
   17153190.0      0.991727591    
   17164436.0      0.991723537    
   17175682.0      0.991716206    
   17186928.0      0.991709828    
   17198174.0      0.991703331    
   17209420.0      0.991701841    
   17220666.0      0.991705179    
   17231912.0      0.991688609    
   17243160.0      0.991690159    
   17254406.0      0.991680384    
   17265652.0      0.991673410    
   17276898.0      0.991669834    
   17288144.0      0.991662800    
   17299390.0      0.991649926    
   17310636.0      0.991646349    
   17321882.0      0.991644979    
   17333128.0      0.991637468    
   17344374.0      0.991630852    
   17355620.0      0.991623640    
   17366868.0      0.991622686    
   17378114.0      0.991612077    
   17389360.0      0.991612613    
   17400606.0      0.991606534    
   17411852.0      0.991605222    
   17423098.0      0.991599441    
   17434344.0      0.991591036    
   17445592.0      0.991587222    
   17456838.0      0.991589308    
   17468084.0      0.991583109    
   17479330.0      0.991583049    
   17490576.0      0.991569757    
   17501822.0      0.991563737    
   17513068.0      0.991554737    
   17524314.0      0.991542757    
   17535560.0      0.991537988    
   17546806.0      0.991534412    
   17558052.0      0.991534710    
   17569298.0      0.991526723    
   17580544.0      0.991523802    
   17591790.0      0.991513431    
   17603036.0      0.991512120    
   17614282.0      0.991511524    
   17625528.0      0.991499305    
   17636774.0      0.991489470    
   17648020.0      0.991490424    
   17659266.0      0.991491556    
   17670512.0      0.991482317    
   17681758.0      0.991485000    
   17693004.0      0.991475523    
   17704250.0      0.991468132    
   17715496.0      0.991468191    
   17726742.0      0.991455257    
   17737988.0      0.991456449    
   17749234.0      0.991450906    
   17760480.0      0.991454244    
   17771726.0      0.991442919    
   17782972.0      0.991437137    
   17794218.0      0.991431415    
   17805464.0      0.991424799    
   17816710.0      0.991422176    
   17827956.0      0.991414964    
   17839202.0      0.991406679    
   17850448.0      0.991407156    
   17861694.0      0.991415203    
   17872940.0      0.991404653    
   17884186.0      0.991404712    
   17895432.0      0.991401494    
   17906680.0      0.991396546    
   17917926.0      0.991398990    
   17929170.0      0.991394222    
   17940416.0      0.991391301    
   17951662.0      0.991387784    
   17962908.0      0.991379321    
   17974154.0      0.991366446    
   17985400.0      0.991367638    
   17996646.0      0.991368055    
   18007894.0      0.991363764    
   18019140.0      0.991354704    
   18030386.0      0.991353691    
   18041632.0      0.991352797    
   18052878.0      0.991353989    
   18064124.0      0.991347551    
   18075370.0      0.991343260    
   18086616.0      0.991343975    
   18097862.0      0.991344750    
   18109108.0      0.991338670    
   18120354.0      0.991333187    
   18131600.0      0.991328359    
   18142846.0      0.991312385    
   18154092.0      0.991311789    
   18165338.0      0.991310358    
   18176584.0      0.991298735    
   18187832.0      0.991297543    
   18199078.0      0.991296589    
   18210324.0      0.991289198    
   18221570.0      0.991277695    
   18232816.0      0.991276860    
   18244062.0      0.991269767    
   18255308.0      0.991271675    
   18266554.0      0.991266489    
   18277800.0      0.991264522    
   18289048.0      0.991256356    
   18300294.0      0.991250098    
   18311540.0      0.991232216    
   18322786.0      0.991217256    
   18334032.0      0.991205752    
   18345278.0      0.991198719    
   18356524.0      0.991196215    
   18367770.0      0.991191030    
   18379016.0      0.991185427    
   18390264.0      0.991186857    
   18401510.0      0.991187036    
   18412756.0      0.991181314    
   18424002.0      0.991177201    
   18435248.0      0.991172552    
   18446494.0      0.991157830    
   18457740.0      0.991154850    
   18468986.0      0.991146922    
   18480232.0      0.991138518    
   18491480.0      0.991130114    
   18502726.0      0.991132140    
   18513972.0      0.991133034    
   18525218.0      0.991138935    
   18536464.0      0.991133511    
   18547710.0      0.991127610    
   18558956.0      0.991126299    
   18570202.0      0.991122961    
   18581448.0      0.991126001    
   18592694.0      0.991126657    
   18603940.0      0.991122305    
   18615186.0      0.991112828    
   18626432.0      0.991115868    
   18637678.0      0.991112292    
   18648924.0      0.991102040    
   18660170.0      0.991096318    
   18671416.0      0.991082788    
   18682662.0      0.991083324    
   18693908.0      0.991078615    
   18705154.0      0.991090536    
   18716400.0      0.991081476    
   18727646.0      0.991074383    
   18738892.0      0.991078138    
   18750138.0      0.991071403    
   18761384.0      0.991063833    
   18772632.0      0.991062701    
   18783878.0      0.991063714    
   18795124.0      0.991065145    
   18806370.0      0.991069257    
   18817616.0      0.991069853    
   18828862.0      0.991067708    
   18840108.0      0.991063476    
   18851354.0      0.991068602    
   18862600.0      0.991077125    
   18873846.0      0.991080642    
   18885092.0      0.991082907    
   18896338.0      0.991088271    
   18907584.0      0.991085649    
   18918830.0      0.991080999    
   18930076.0      0.991079509    
   18941322.0      0.991069317    
   18952568.0      0.991066754    
   18963814.0      0.991054296    
   18975060.0      0.991051435    
   18986306.0      0.991044700    
   18997552.0      0.991040885    
   19008798.0      0.991044819    
   19020044.0      0.991030335    
   19031290.0      0.991025090    
   19042536.0      0.991023421    
   19053784.0      0.991026402    
   19065030.0      0.991010129    
   19076276.0      0.990998209    
   19087522.0      0.990986049    
   19098768.0      0.990986943    
   19110014.0      0.990976512    
   19121260.0      0.990963161    
   19132506.0      0.990957499    
   19143752.0      0.990947187    
   19155000.0      0.990935743    
   19166246.0      0.990921915    
   19177492.0      0.990920126    
   19188738.0      0.990913570    
   19199984.0      0.990910470    
   19211230.0      0.990911841    
   19222476.0      0.990911424    
   19233722.0      0.990912080    
   19244968.0      0.990904689    
   19256216.0      0.990904987    
   19267462.0      0.990899205    
   19278708.0      0.990899801    
   19289954.0      0.990890026    
   19301200.0      0.990880907    
   19312446.0      0.990877330    
   19323692.0      0.990869343    
   19334938.0      0.990857482    
   19346184.0      0.990848899    
   19357432.0      0.990835547    
   19368678.0      0.990819097    
   19379924.0      0.990813911    
   19391170.0      0.990806758    
   19402416.0      0.990790963    
   19413662.0      0.990789175    
   19424908.0      0.990775526    
   19436154.0      0.990776241    
   19447400.0      0.990776122    
   19458648.0      0.990767002    
   19469894.0      0.990760744    
   19481140.0      0.990759909    
   19492386.0      0.990753949    
   19503632.0      0.990758002    
   19514878.0      0.990745008    
   19526124.0      0.990746737    
   19537370.0      0.990739822    
   19548616.0      0.990733206    
   19559862.0      0.990732193    
   19571108.0      0.990723252    
   19582356.0      0.990722716    
   19593602.0      0.990726411    
   19604848.0      0.990728080    
   19616094.0      0.990723491    
   19627340.0      0.990719080    
   19638586.0      0.990715742    
   19649832.0      0.990713120    
   19661080.0      0.990709484    
   19672326.0      0.990708768    
   19683572.0      0.990710020    
   19694818.0      0.990701079    
   19706064.0      0.990693450    
   19717310.0      0.990689218    
   19728556.0      0.990689695    
   19739800.0      0.990681171    
   19751046.0      0.990664303    
   19762292.0      0.990658641    
   19773538.0      0.990655541    
   19784786.0      0.990646720    
   19796032.0      0.990637541    
   19807278.0      0.990624011    
   19818524.0      0.990608811    
   19829770.0      0.990602136    
   19841016.0      0.990587711    
   19852262.0      0.990587533    
   19863508.0      0.990587592    
   19874754.0      0.990580976    
   19886000.0      0.990582526    
   19897246.0      0.990579545    
   19908492.0      0.990579844    
   19919738.0      0.990579545    
   19930984.0      0.990570962    
   19942230.0      0.990562975    
   19953476.0      0.990561724    
   19964722.0      0.990569174    
   19975968.0      0.990559638    
   19987214.0      0.990557015    
   19998460.0      0.990544736    
   20009706.0      0.990535438    
   20020952.0      0.990537167    
   20032198.0      0.990533113    
   20043444.0      0.990529835    
   20054690.0      0.990523994    
   20065936.0      0.990514815    
   20077182.0      0.990517795    
   20088428.0      0.990505040    
   20099674.0      0.990504503    
   20110920.0      0.990495384    
   20122168.0      0.990485072    
   20133414.0      0.990481138    
   20144658.0      0.990469337    
   20155904.0      0.990460992    
   20167150.0      0.990447104    
   20178396.0      0.990437329    
   20189642.0      0.990435719    
   20200888.0      0.990428686    
   20212134.0      0.990418255    
   20223380.0      0.990408719    
   20234626.0      0.990407109    
   20245872.0      0.990398169    
   20257118.0      0.990396321    
   20268364.0      0.990405202    
   20279610.0      0.990402997    
   20290856.0      0.990397274    
   20302104.0      0.990394890    
   20313350.0      0.990401089    
   20324596.0      0.990397096    
   20335842.0      0.990390956    
   20347088.0      0.990387022    
   20358334.0      0.990382552    
   20369580.0      0.990391254    
   20380826.0      0.990388632    
   20392072.0      0.990379095    
   20403318.0      0.990381718    
   20414564.0      0.990373671    
   20425812.0      0.990359783    
   20437058.0      0.990353644    
   20448304.0      0.990348876    
   20459550.0      0.990342855    
   20470796.0      0.990333378    
   20482042.0      0.990329802    
   20493288.0      0.990325630    
   20504536.0      0.990320563    
   20515782.0      0.990311980    
   20527028.0      0.990296304    
   20538274.0      0.990284204    
   20549520.0      0.990278780    
   20560766.0      0.990278244    
   20572012.0      0.990275800    
   20583258.0      0.990262151    
   20594504.0      0.990254283    
   20605750.0      0.990252614    
   20616996.0      0.990250111    
   20628244.0      0.990251601    
   20639490.0      0.990248919    
   20650736.0      0.990254283    
   20661982.0      0.990250647    
   20673228.0      0.990250647    
   20684474.0      0.990244448    
   20695720.0      0.990243316    
   20706968.0      0.990249276    
   20718214.0      0.990248203    
   20729460.0      0.990243912    
   20740706.0      0.990243435    
   20751952.0      0.990240812    
   20763198.0      0.990241647    
   20774444.0      0.990236461    
   20785688.0      0.990232706    
   20796934.0      0.990228891    
   20808180.0      0.990228057    
   20819426.0      0.990225673    
   20830674.0      0.990206480    
   20841920.0      0.990200937    
   20853166.0      0.990201652    
   20864412.0      0.990200520    
   20875658.0      0.990198672    
   20886904.0      0.990200877    
   20898150.0      0.990197778    
   20909396.0      0.990190029    
   20920642.0      0.990193307    
   20931888.0      0.990181506    
   20943134.0      0.990180731    
   20954380.0      0.990186453    
   20965626.0      0.990179837    
   20976872.0      0.990182579    
   20988118.0      0.990177512    
   20999364.0      0.990182042    
   21010610.0      0.990177453    
   21021856.0      0.990174711    
   21033102.0      0.990167975    
   21044348.0      0.990166008    
   21055594.0      0.990166843    
   21066840.0      0.990164042    
   21078086.0      0.990163624    
   21089332.0      0.990161896    
   21100578.0      0.990162671    
   21111824.0      0.990145624    
   21123070.0      0.990145445    
   21134316.0      0.990139782    
   21145562.0      0.990144372    
   21156808.0      0.990139782    
   21168056.0      0.990124464    
   21179302.0      0.990127206    
   21190546.0      0.990115225    
   21201792.0      0.990102828    
   21213038.0      0.990094781    
   21224284.0      0.990092933    
   21235530.0      0.990092218    
   21246776.0      0.990087569    
   21258022.0      0.990076125    
   21269268.0      0.990070879    
   21280514.0      0.990060866    
   21291760.0      0.990060270    
   21303006.0      0.990058601    
   21314252.0      0.990052640    
   21325498.0      0.990040898    
   21336744.0      0.990051806    
   21347992.0      0.990050197    
   21359238.0      0.990034938    
   21370484.0      0.990030646    
   21381730.0      0.990021050    
   21392976.0      0.990022600    
   21404222.0      0.990019321    
   21415468.0      0.990018904    
   21426714.0      0.990011394    
   21437960.0      0.990003288    
   21449206.0      0.989993989    
   21460452.0      0.989985049    
   21471700.0      0.989982903    
   21482946.0      0.989972174    
   21494192.0      0.989968359    
   21505438.0      0.989969313    
   21516684.0      0.989957213    
   21527930.0      0.989953995    
   21539176.0      0.989944637    
   21550424.0      0.989944518    
   21561670.0      0.989936113    
   21572916.0      0.989929974    
   21584162.0      0.989930809    
   21595408.0      0.989928901    
   21606654.0      0.989909828    
   21617900.0      0.989910603    
   21629146.0      0.989904165    
   21640392.0      0.989896715    
   21651638.0      0.989893794    
   21662884.0      0.989887297    
   21674130.0      0.989891231    
   21685376.0      0.989880979    
   21696622.0      0.989875197    
   21707868.0      0.989862084    
   21719114.0      0.989859939    
   21730360.0      0.989859521    
   21741606.0      0.989845634    
   21752852.0      0.989840031    
   21764098.0      0.989842296    
   21775344.0      0.989839494    
   21786590.0      0.989829540    
   21797836.0      0.989825606    
   21809082.0      0.989825308    
   21820328.0      0.989829719    
   21831576.0      0.989828169    
   21842822.0      0.989824831    
   21854068.0      0.989818811    
   21865314.0      0.989812076    
   21876560.0      0.989806652    
   21887806.0      0.989802182    
   21899052.0      0.989788532    
   21910298.0      0.989786088    
   21921544.0      0.989784598    
   21932792.0      0.989772737    
   21944038.0      0.989770949    
   21955284.0      0.989767909    
   21966530.0      0.989759147    
   21977776.0      0.989741802    
   21989022.0      0.989735782    
   22000268.0      0.989737749    
   22011514.0      0.989730775    
   22022760.0      0.989728153    
   22034008.0      0.989725888    
   22045254.0      0.989730656    
   22056500.0      0.989726424    
   22067746.0      0.989713132    
   22078992.0      0.989709496    
   22090238.0      0.989706814    
   22101484.0      0.989700079    
   22112730.0      0.989693046    
   22123976.0      0.989691854    
   22135222.0      0.989693224    
   22146468.0      0.989679694    
   22157714.0      0.989675820    
   22168960.0      0.989681065    
   22180206.0      0.989677250    
   22191452.0      0.989673615    
   22202698.0      0.989665449    
   22213944.0      0.989664912    
   22225190.0      0.989664674    
   22236436.0      0.989660203    
   22247682.0      0.989658892    
   22258928.0      0.989658654    
   22270174.0      0.989655554    
   22281420.0      0.989648521    
   22292666.0      0.989651263    
   22303912.0      0.989656687    
   22315160.0      0.989647746    
   22326406.0      0.989647388    
   22337654.0      0.989642620    
   22348900.0      0.989638090    
   22360146.0      0.989626229    
   22371392.0      0.989617109    
   22382638.0      0.989610374    
   22393884.0      0.989604890    
   22405130.0      0.989601314    
   22416376.0      0.989597023    
   22427622.0      0.989600420    
   22438868.0      0.989600301    
   22450114.0      0.989610136    
   22461360.0      0.989607871    
   22472606.0      0.989595890    
   22483852.0      0.989593685    
   22495098.0      0.989591658    
   22506344.0      0.989581168    
   22517592.0      0.989573240    
   22528838.0      0.989575565    
   22540084.0      0.989570856    
   22551330.0      0.989573658    
   22562576.0      0.989570677    
   22573822.0      0.989576101    
   22585068.0      0.989573061    
   22596314.0      0.989567161    
   22607560.0      0.989560544    
   22618806.0      0.989555120    
   22630052.0      0.989555657    
   22641298.0      0.989552081    
   22652544.0      0.989547133    
   22663790.0      0.989536881    
   22675036.0      0.989528477    
   22686282.0      0.989515662    
   22697528.0      0.989504635    
   22708774.0      0.989496768    
   22720020.0      0.989498913    
   22731266.0      0.989489496    
   22742512.0      0.989484310    
   22753758.0      0.989476979    
   22765004.0      0.989477694    
   22776250.0      0.989467800    
   22787496.0      0.989465117    
   22798744.0      0.989453971    
   22809990.0      0.989455581    
   22821238.0      0.989452720    
   22832484.0      0.989444017    
   22843730.0      0.989441752    
   22854976.0      0.989426851    
   22866222.0      0.989411771    
   22877468.0      0.989412069    
   22888714.0      0.989405572    
   22899960.0      0.989401758    
   22911206.0      0.989394009    
   22922452.0      0.989389598    
   22933698.0      0.989393234    
   22944944.0      0.989391685    
   22956190.0      0.989386797    
   22967436.0      0.989377677    
   22978682.0      0.989368737    
   22989928.0      0.989357054    
   23001176.0      0.989348650    
   23012422.0      0.989335179    
   23023668.0      0.989326477    
   23034914.0      0.989325583    
   23046160.0      0.989323735    
   23057406.0      0.989323556    
   23068652.0      0.989331603    
   23079898.0      0.989333272    
   23091144.0      0.989324033    
   23102390.0      0.989319324    
   23113636.0      0.989312053    
   23124882.0      0.989294410    
   23136128.0      0.989281058    
   23147374.0      0.989279568    
   23158620.0      0.989274621    
   23169866.0      0.989271164    
   23181112.0      0.989261985    
   23192358.0      0.989255548    
   23203604.0      0.989246190    
   23214850.0      0.989241779    
   23226100.0      0.989247382    
   23237346.0      0.989249825    
   23248592.0      0.989252388    
   23259838.0      0.989245176    
   23271084.0      0.989249468    
   23282330.0      0.989243269    
   23293576.0      0.989227831    
   23304822.0      0.989225090    
   23316068.0      0.989222288    
   23327314.0      0.989217460    
   23338560.0      0.989216566    
   23349806.0      0.989210069    
   23361052.0      0.989219308    
   23372298.0      0.989209056    
   23383542.0      0.989193976    
   23394788.0      0.989196777    
   23406034.0      0.989193499    
   23417280.0      0.989201367    
   23428526.0      0.989201128    
   23439772.0      0.989199579    
   23451018.0      0.989195764    
   23462264.0      0.989192963    
   23473510.0      0.989190221    
   23484756.0      0.989196181    
   23496002.0      0.989193261    
   23507248.0      0.989178717    
   23518494.0      0.989171803    
   23529740.0      0.989176035    
   23540986.0      0.989187479    
   23552232.0      0.989180982    
   23563480.0      0.989175618    
   23574726.0      0.989169180    
   23585972.0      0.989175022    
   23597218.0      0.989173591    
   23608464.0      0.989165246    
   23619710.0      0.989155293    
   23630956.0      0.989147246    
   23642202.0      0.989131391    
   23653448.0      0.989131570    
   23664694.0      0.989134908    
   23675940.0      0.989123404    
   23687186.0      0.989127755    
   23698432.0      0.989125371    
   23709678.0      0.989108980    
   23720924.0      0.989095628    
   23732170.0      0.989094019    
   23743416.0      0.989096463    
   23754662.0      0.989096403    
   23765908.0      0.989095151    
   23777154.0      0.989089489    
   23788398.0      0.989083648    
   23799644.0      0.989085257    
   23810890.0      0.989080966    
   23822136.0      0.989083648    
   23833382.0      0.989075541    
   23844628.0      0.989075005    
   23855874.0      0.989084244    
   23867124.0      0.989073873    
   23878370.0      0.989070117    
   23889616.0      0.989062667    
   23900862.0      0.989057183    
   23912108.0      0.989054561    
   23923354.0      0.989043355    
   23934600.0      0.989037335    
   23945846.0      0.989038229    
   23957092.0      0.989039302    
   23968338.0      0.989039183    
   23979584.0      0.989027739    
   23990830.0      0.989026427    
   24002076.0      0.989028990    
   24013322.0      0.989018202    
   24024568.0      0.989010572    
   24035814.0      0.989004374    
   24047060.0      0.988994062    
   24058306.0      0.988977909    
   24069552.0      0.988973439    
   24080798.0      0.988973320    
   24092044.0      0.988961339    
   24103290.0      0.988947451    
   24114536.0      0.988936245    
   24125784.0      0.988936603    
   24137030.0      0.988931119    
   24148276.0      0.988919854    
   24159522.0      0.988909602    
   24170768.0      0.988901198    
   24182014.0      0.988905728    
   24193260.0      0.988897324    
   24204506.0      0.988895595    
   24215752.0      0.988888383    
   24226998.0      0.988878965    
   24238244.0      0.988876939    
   24249490.0      0.988869250    
   24260736.0      0.988859177    
   24271984.0      0.988866031    
   24283230.0      0.988871217    
   24294476.0      0.988865376    
   24305722.0      0.988860190    
   24316968.0      0.988855064    
   24328216.0      0.988852859    
   24339462.0      0.988856554    
   24350710.0      0.988850355    
   24361956.0      0.988838911    
   24373202.0      0.988829136    
   24384448.0      0.988828361    
   24395694.0      0.988821030    
   24406940.0      0.988807321    
   24418186.0      0.988808036    
   24429430.0      0.988810182    
   24440676.0      0.988797963    
   24451922.0      0.988792181    
