   286440.031      0.999158323    
   297686.219      0.999131083    
   308932.375      0.999105752    
   320178.562      0.999080122    
   331424.719      0.999058127    
   342670.875      0.999040782    
   353917.094      0.999027073    
   365163.469      0.999002099    
   376409.875      0.998984933    
   387656.281      0.998968065    
   398902.688      0.998954952    
   410149.094      0.998929203    
   421395.281      0.998904407    
   432641.469      0.998887420    
   443887.625      0.998874903    
   455133.812      0.998855531    
   466380.000      0.998836815    
   477626.188      0.998814225    
   488872.375      0.998795688    
   500118.531      0.998783171    
   511364.719      0.998766780    
   522610.906      0.998747468    
   533857.312      0.998723149    
   545103.750      0.998704731    
   556350.125      0.998681843    
   567596.500      0.998662770    
   578842.938      0.998647332    
   590089.125      0.998639047    
   601335.250      0.998623610    
   612581.438      0.998603463    
   623827.625      0.998580933    
   635073.812      0.998567820    
   646319.938      0.998556912    
   657566.125      0.998533845    
   668812.250      0.998521209    
   680058.500      0.998508930    
   691304.625      0.998505473    
   702550.875      0.998494029    
   713797.250      0.998480201    
   725043.688      0.998472989    
   736290.062      0.998461664    
   747536.500      0.998453498    
   758782.625      0.998437941    
   770028.875      0.998429179    
   781275.062      0.998421907    
   792521.188      0.998408735    
   803767.375      0.998394549    
   815013.500      0.998373330    
   826259.750      0.998364389    
   837505.938      0.998357773    
   848752.062      0.998344898    
   859998.312      0.998337984    
   871244.500      0.998327732    
   882490.875      0.998312294    
   893737.250      0.998301685    
   904983.688      0.998282313    
   916230.062      0.998265147    
   927476.250      0.998259485    
   938722.375      0.998251736    
   949968.562      0.998246670    
   961214.750      0.998233736    
   972460.875      0.998224795    
   983707.125      0.998221457    
   994953.250      0.998214424    
   1006199.44      0.998195112    
   1017445.62      0.998183966    
   1028691.75      0.998176098    
   1039938.19      0.998167038    
   1051184.50      0.998161077    
   1062431.00      0.998151541    
   1073677.38      0.998148859    
   1084923.75      0.998151422    
   1096169.88      0.998146296    
   1107416.12      0.998138428    
   1118662.38      0.998135746    
   1129908.50      0.998131394    
   1141154.75      0.998128057    
   1152400.88      0.998106778    
   1163647.00      0.998100638    
   1174893.25      0.998101413    
   1186139.38      0.998105466    
   1197385.62      0.998090565    
   1208632.00      0.998080373    
   1219878.38      0.998073757    
   1231124.75      0.998064399    
   1242371.25      0.998060226    
   1253617.62      0.998047173    
   1264864.00      0.998036146    
   1276110.12      0.998032510    
   1287356.38      0.998023152    
   1298602.50      0.998013377    
   1309848.62      0.998006344    
   1321094.75      0.998002112    
   1332341.00      0.997990370    
   1343587.25      0.997981012    
   1354833.50      0.997975290    
   1366079.50      0.997973204    
   1377325.75      0.997970521    
   1388572.12      0.997962058    
   1399818.50      0.997949004    
   1411065.00      0.997945845    
   1422311.38      0.997937262    
   1433557.75      0.997927785    
   1444803.88      0.997927010    
   1456050.12      0.997921705    
   1467296.38      0.997923672    
   1478542.38      0.997920752    
   1489788.62      0.997918010    
   1501034.88      0.997913420    
   1512281.00      0.997896254    
   1523527.25      0.997884929    
   1534773.50      0.997882009    
   1546019.88      0.997877181    
   1557266.25      0.997868598    
   1568512.62      0.997871220    
   1579759.00      0.997866988    
   1591005.50      0.997865200    
   1602251.50      0.997867823    
   1613497.75      0.997858822    
   1624744.00      0.997845054    
   1635990.12      0.997829795    
   1647236.38      0.997823775    
   1658482.50      0.997817099    
   1669728.62      0.997820139    
   1680974.88      0.997815490    
   1692221.12      0.997808218    
   1703467.25      0.997798860    
   1714713.62      0.997801661    
   1725960.00      0.997793376    
   1737206.38      0.997784972    
   1748452.75      0.997771502    
   1759699.25      0.997765660    
   1770945.50      0.997753501    
   1782191.62      0.997748137    
   1793437.75      0.997741997    
   1804684.00      0.997730017    
   1815930.25      0.997724473    
   1827176.38      0.997723460    
   1838422.50      0.997718573    
   1849668.75      0.997705758    
   1860914.88      0.997704029    
   1872161.25      0.997699678    
   1883407.62      0.997695386    
   1894654.12      0.997696817    
   1905900.50      0.997691870    
   1917146.88      0.997684300    
   1928393.25      0.997683883    
   1939639.62      0.997679949    
   1950885.75      0.997667015    
   1962132.00      0.997668982    
   1973378.25      0.997663975    
   1984624.38      0.997653902    
   1995870.38      0.997654974    
   2007116.62      0.997644663    
   2018362.75      0.997634411    
   2029608.75      0.997621834    
   2040855.25      0.997611761    
   2052101.62      0.997595727    
   2063348.00      0.997584224    
   2074594.38      0.997579277    
   2085840.75      0.997574031    
   2097087.25      0.997577906    
   2108333.25      0.997564554    
   2119579.50      0.997561336    
   2130825.75      0.997551262    
   2142071.75      0.997550905    
   2153318.00      0.997545779    
   2164564.25      0.997534811    
   2175810.25      0.997531652    
   2187056.25      0.997531295    
   2198302.75      0.997523248    
   2209549.00      0.997515023    
   2220795.50      0.997511268    
   2232042.00      0.997497559    
   2243288.25      0.997491598    
   2254534.75      0.997485578    
   2265781.00      0.997483015    
   2277027.25      0.997478545    
   2288273.50      0.997474372    
   2299519.50      0.997474194    
   2310765.50      0.997468889    
   2322011.75      0.997469842    
   2333258.00      0.997471750    
   2344504.25      0.997467339    
   2355750.50      0.997460425    
   2366996.75      0.997458100    
   2378243.25      0.997449696    
   2389489.50      0.997435391    
   2400736.00      0.997427285    
   2411982.50      0.997429669    
   2423228.75      0.997421026    
   2434475.00      0.997412086    
   2445721.00      0.997401893    
   2456967.25      0.997398615    
   2468213.50      0.997394383    
   2479459.75      0.997387648    
   2490706.00      0.997368634    
   2501952.00      0.997358918    
   2513198.25      0.997357428    
   2524444.50      0.997351229    
   2535691.00      0.997347414    
   2546937.25      0.997343361    
   2558183.75      0.997338653    
   2569430.00      0.997337818    
   2580676.50      0.997334003    
   2591923.00      0.997331858    
   2603169.00      0.997329354    
   2614415.25      0.997328281    
   2625661.50      0.997323155    
   2636907.75      0.997321725    
   2648154.00      0.997318029    
   2659400.00      0.997303784    
   2670646.25      0.997301280    
   2681892.50      0.997291923    
   2693138.50      0.997296154    
   2704385.00      0.997287571    
   2715631.25      0.997282386    
   2726877.75      0.997279882    
   2738124.25      0.997274041    
   2749370.50      0.997271597    
   2760616.75      0.997277498    
   2771862.75      0.997271955    
   2783108.75      0.997268379    
   2794355.00      0.997269452    
   2805601.00      0.997264147    
   2816847.25      0.997253954    
   2828093.50      0.997245193    
   2839339.50      0.997238159    
   2850585.50      0.997241437    
   2861831.75      0.997236073    
   2873078.00      0.997230232    
   2884324.50      0.997223139    
   2895571.00      0.997220457    
   2906817.25      0.997218072    
   2918063.75      0.997213840    
   2929309.75      0.997213662    
   2940556.25      0.997211099    
   2951802.25      0.997207344    
   2963048.25      0.997204304    
   2974294.50      0.997196972    
   2985540.50      0.997192442    
   2996786.50      0.997187793    
   3008033.00      0.997189879    
   3019279.25      0.997173607    
   3030525.50      0.997176051    
   3041771.75      0.997173369    
   3053018.25      0.997179389    
   3064264.75      0.997179031    
   3075511.00      0.997174919    
   3086757.50      0.997167110    
   3098003.50      0.997162938    
   3109249.50      0.997159481    
   3120495.75      0.997149050    
   3131742.00      0.997143984    
   3142988.50      0.997136354    
   3154234.50      0.997141182    
   3165480.75      0.997139335    
   3176726.75      0.997134924    
   3187972.75      0.997136295    
   3199219.25      0.997130156    
   3210465.50      0.997119725    
   3221712.00      0.997118533    
   3232958.50      0.997115254    
   3244204.75      0.997117281    
   3255451.25      0.997105002    
   3266697.50      0.997104466    
   3277943.75      0.997102797    
   3289189.75      0.997099936    
   3300435.75      0.997098029    
   3311682.00      0.997095287    
   3322928.25      0.997095048    
   3334174.75      0.997095823    
   3345420.75      0.997086942    
   3356667.00      0.997079253    
   3367913.25      0.997076869    
   3379159.75      0.997074842    
   3390406.50      0.997074366    
   3401652.75      0.997076571    
   3412899.25      0.997064590    
   3424145.50      0.997055531    
   3435391.75      0.997054756    
   3446638.00      0.997047901    
   3457884.50      0.997041941    
   3469130.50      0.997032464    
   3480376.75      0.997027636    
   3491622.75      0.997021854    
   3502868.75      0.997017443    
   3514115.25      0.997017622    
   3525361.50      0.997012615    
   3536608.00      0.997008741    
   3547854.50      0.997001827    
   3559100.75      0.996995032    
   3570347.25      0.996981263    
   3581593.50      0.996984184    
   3592840.00      0.996976316    
   3604086.00      0.996971905    
   3615332.25      0.996965170    
   3626578.25      0.996964276    
   3637824.75      0.996958137    
   3649071.00      0.996954024    
   3660317.00      0.996946692    
   3671563.25      0.996940672    
   3682809.25      0.996942997    
   3694055.25      0.996934593    
   3705301.75      0.996936202    
   3716548.25      0.996920943    
   3727794.50      0.996915340    
   3739041.00      0.996913671    
   3750287.25      0.996907353    
   3761533.75      0.996906638    
   3772780.25      0.996913016    
   3784026.25      0.996905267    
   3795272.25      0.996906638    
   3806518.50      0.996905267    
   3817764.50      0.996898472    
   3829010.50      0.996891558    
   3840257.00      0.996886611    
   3851503.25      0.996882200    
   3862749.50      0.996879518    
   3873995.50      0.996871233    
   3885242.00      0.996860504    
   3896488.25      0.996850908    
   3907734.75      0.996845543    
   3918981.00      0.996847510    
   3930227.25      0.996846616    
   3941473.25      0.996847987    
   3952719.25      0.996845067    
   3963965.75      0.996841133    
   3975212.25      0.996839702    
   3986458.25      0.996840119    
   3997704.25      0.996833742    
   4008950.50      0.996834934    
   4020196.50      0.996829748    
   4031443.00      0.996830463    
   4042689.25      0.996825814    
   4053935.75      0.996825635    
   4065182.00      0.996823430    
   4076428.50      0.996824205    
   4087675.00      0.996815026    
   4098921.00      0.996810913    
   4110167.00      0.996816933    
   4121413.00      0.996819675    
   4132659.25      0.996825337    
   4143905.25      0.996815324    
   4155151.75      0.996814549    
   4166398.00      0.996810734    
   4177644.25      0.996806920    
   4188890.25      0.996800005    
   4200136.50      0.996799707    
   4211382.50      0.996794045    
   4222629.00      0.996790826    
   4233875.00      0.996791840    
   4245121.50      0.996786296    
   4256368.00      0.996786416    
   4267614.00      0.996779501    
   4278860.50      0.996782303    
   4290107.00      0.996779919    
   4301353.00      0.996780455    
   4312599.00      0.996780694    
   4323845.00      0.996777177    
   4335091.00      0.996774673    
   4346337.50      0.996775985    
   4357584.00      0.996771574    
   4368830.00      0.996762753    
   4380076.00      0.996765137    
   4391322.00      0.996764958    
   4402568.50      0.996761858    
   4413815.00      0.996761799    
   4425061.50      0.996755362    
   4436308.00      0.996751308    
   4447554.00      0.996745706    
   4458800.00      0.996747971    
   4470046.50      0.996749163    
   4481293.00      0.996748507    
   4492539.00      0.996736348    
   4503785.00      0.996732354    
   4515031.00      0.996735156    
   4526277.00      0.996730745    
   4537523.00      0.996722102    
   4548769.50      0.996714830    
   4560015.50      0.996709883    
   4571262.00      0.996708691    
   4582508.50      0.996711552    
   4593755.00      0.996710956    
   4605001.50      0.996711373    
   4616247.50      0.996713459    
   4627493.50      0.996708989    
   4638739.50      0.996697605    
   4649985.50      0.996703506    
   4661232.00      0.996701837    
   4672478.50      0.996689558    
   4683724.50      0.996683061    
   4694970.50      0.996673048    
   4706216.50      0.996672809    
   4717462.50      0.996669710    
   4728709.00      0.996673286    
   4739955.00      0.996670365    
   4751201.50      0.996670604    
   4762448.00      0.996669531    
   4773694.50      0.996668220    
   4784941.00      0.996667862    
   4796187.00      0.996664882    
   4807433.50      0.996660411    
   4818679.50      0.996660948    
   4829925.50      0.996657491    
   4841171.50      0.996655822    
   4852417.50      0.996653318    
   4863664.00      0.996647894    
   4874910.00      0.996640682    
   4886156.00      0.996634603    
   4897402.00      0.996623218    
   4908648.50      0.996617258    
   4919894.50      0.996617675    
   4931141.00      0.996603012    
   4942387.50      0.996601343    
   4953634.00      0.996595323    
   4964880.00      0.996594667    
   4976126.50      0.996590555    
   4987373.00      0.996587753    
   4998619.00      0.996590734    
   5009865.00      0.996595442    
   5021111.00      0.996592283    
   5032357.00      0.996587396    
   5043603.00      0.996583462    
   5054849.50      0.996587574    
   5066096.00      0.996583641    
   5077342.00      0.996575832    
   5088588.50      0.996570110    
   5099835.00      0.996570110    
   5111081.50      0.996567547    
   5122327.50      0.996572256    
   5133574.00      0.996568322    
   5144820.00      0.996562719    
   5156066.00      0.996561110    
   5167312.00      0.996559083    
   5178558.50      0.996545792    
   5189805.00      0.996542990    
   5201051.00      0.996544123    
   5212297.00      0.996538460    
   5223543.00      0.996536553    
   5234789.00      0.996538401    
   5246035.50      0.996542871    
   5257282.00      0.996546149    
   5268528.50      0.996548772    
   5279774.50      0.996543527    
   5291021.00      0.996535957    
   5302267.50      0.996539176    
   5313513.50      0.996540368    
   5324759.50      0.996539354    
   5336006.00      0.996545732    
   5347252.00      0.996541262    
   5358498.00      0.996539354    
   5369744.00      0.996542335    
   5380990.00      0.996537805    
   5392236.00      0.996538997    
   5403482.00      0.996541381    
   5414728.50      0.996537566    
   5425974.50      0.996541083    
   5437220.50      0.996547461    
   5448467.00      0.996549368    
   5459714.00      0.996553719    
   5470960.50      0.996551692    
   5482206.50      0.996545792    
   5493453.00      0.996557474    
   5504699.00      0.996551156    
   5515945.00      0.996551156    
   5527191.00      0.996537447    
   5538438.00      0.996539474    
   5549684.00      0.996537268    
   5560930.00      0.996532977    
   5572176.00      0.996528268    
   5583422.00      0.996532142    
   5594669.00      0.996531248    
   5605915.00      0.996525288    
   5617161.50      0.996524572    
   5628407.50      0.996520400    
   5639654.50      0.996514738    
   5650900.50      0.996509254    
   5662147.00      0.996513069    
   5673393.50      0.996513367    
   5684639.50      0.996508181    
   5695885.50      0.996513188    
   5707131.50      0.996513903    
   5718378.00      0.996504962    
   5729624.50      0.996505022    
   5740870.50      0.996502101    
   5752116.50      0.996501982    
   5763362.50      0.996499479    
   5774608.50      0.996491075    
   5785855.50      0.996489346    
   5797102.00      0.996485293    
   5808348.00      0.996480107    
   5819595.00      0.996470571    
   5830841.00      0.996467829    
   5842087.50      0.996465683    
   5853334.00      0.996463597    
   5864580.00      0.996459126    
   5875826.00      0.996456087    
   5887072.00      0.996448338    
   5898318.00      0.996439695    
   5909564.00      0.996437848    
   5920811.00      0.996428430    
   5932057.00      0.996424079    
   5943303.00      0.996420264    
   5954549.00      0.996419668    
   5965796.00      0.996410310    
   5977042.00      0.996404648    
   5988288.00      0.996403635    
   5999534.50      0.996396542    
   6010781.00      0.996392488    
   6022027.00      0.996394396    
   6033273.00      0.996392012    
   6044519.50      0.996390164    
   6055766.00      0.996389925    
   6067012.00      0.996393681    
   6078258.00      0.996387720    
   6089504.00      0.996390998    
   6100750.00      0.996389627    
   6111996.00      0.996384203    
   6123243.00      0.996385098    
   6134489.00      0.996380329    
   6145735.50      0.996371865    
   6156982.00      0.996368706    
   6168228.50      0.996366560    
   6179474.50      0.996372461    
   6190720.50      0.996374130    
   6201966.50      0.996373951    
   6213213.00      0.996372581    
   6224459.00      0.996367395    
   6235705.00      0.996366203    
   6246951.50      0.996367276    
   6258198.00      0.996351719    
   6269444.00      0.996343851    
   6280690.00      0.996341705    
   6291936.00      0.996335149    
   6303182.50      0.996335506    
   6314429.00      0.996331692    
   6325675.50      0.996332169    
   6336921.50      0.996335208    
   6348167.50      0.996333599    
   6359414.00      0.996327639    
   6370660.50      0.996321499    
   6381906.50      0.996321023    
   6393152.50      0.996317983    
   6404398.50      0.996316850    
   6415645.00      0.996313632    
   6426891.50      0.996310294    
   6438137.50      0.996310294    
   6449383.50      0.996315241    
   6460630.00      0.996309638    
   6471876.50      0.996314645    
   6483122.50      0.996326804    
   6494369.50      0.996324599    
   6505616.00      0.996317744    
   6516862.00      0.996311367    
   6528108.00      0.996309459    
   6539354.00      0.996307373    
   6550601.00      0.996298313    
   6561847.00      0.996295094    
   6573093.00      0.996294379    
   6584339.00      0.996290207    
   6595585.50      0.996286988    
   6606831.50      0.996284485    
   6618077.50      0.996273935    
   6629324.00      0.996272206    
   6640570.00      0.996269703    
   6651817.00      0.996275544    
   6663063.00      0.996270001    
   6674310.00      0.996268094    
   6685556.00      0.996260524    
   6696802.00      0.996265352    
   6708048.00      0.996260822    
   6719294.00      0.996258855    
   6730540.00      0.996262312    
   6741786.00      0.996255159    
   6753033.00      0.996247888    
   6764279.00      0.996246040    
   6775525.00      0.996245205    
   6786771.00      0.996241152    
   6798017.50      0.996236265    
   6809263.50      0.996228695    
   6820509.50      0.996235371    
   6831756.00      0.996237576    
   6843002.00      0.996243000    
   6854249.00      0.996247172    
   6865495.00      0.996242225    
   6876742.00      0.996240258    
   6887988.00      0.996237695    
   6899234.00      0.996230304    
   6910480.00      0.996233463    
   6921726.00      0.996234536    
   6932972.00      0.996237576    
   6944218.00      0.996234059    
   6955465.00      0.996228933    
   6966711.00      0.996225595    
   6977958.00      0.996227324    
   6989204.00      0.996226549    
   7000450.50      0.996224821    
   7011697.50      0.996220767    
   7022943.50      0.996225119    
   7034189.50      0.996216357    
   7045435.50      0.996208012    
   7056681.50      0.996204317    
   7067927.50      0.996203601    
   7079174.50      0.996205091    
   7090420.50      0.996200860    
   7101666.50      0.996199429    
   7112912.50      0.996191263    
   7124158.50      0.996191382    
   7135405.50      0.996194363    
   7146651.50      0.996183038    
   7157898.00      0.996179104    
   7169144.50      0.996179760    
   7180391.00      0.996175289    
   7191637.00      0.996172965    
   7202884.00      0.996169746    
   7214130.00      0.996161938    
   7225376.00      0.996158063    
   7236622.00      0.996160150    
   7247868.00      0.996162593    
   7259115.00      0.996154547    
   7270361.00      0.996155918    
   7281607.00      0.996155977    
   7292853.00      0.996156156    
   7304099.00      0.996146977    
   7315345.50      0.996149421    
   7326591.50      0.996147871    
   7337838.00      0.996148169    
   7349084.00      0.996150970    
   7360331.00      0.996153116    
   7371577.00      0.996154070    
   7382823.50      0.996150196    
   7394070.00      0.996146679    
   7405316.00      0.996146798    
   7416562.00      0.996137083    
   7427808.00      0.996143162    
   7439054.00      0.996142447    
   7450300.00      0.996136546    
   7461547.00      0.996138513    
   7472793.00      0.996130705    
   7484039.50      0.996124506    
   7495286.00      0.996121764    
   7506532.50      0.996120930    
   7517778.50      0.996125102    
   7529024.50      0.996118784    
   7540270.50      0.996111214    
   7551517.00      0.996104121    
   7562763.00      0.996097207    
   7574009.00      0.996089756    
   7585255.50      0.996081829    
   7596502.00      0.996082604    
   7607748.00      0.996077895    
   7618994.00      0.996073365    
   7630240.00      0.996072769    
   7641486.50      0.996070504    
   7652733.00      0.996067226    
   7663979.50      0.996068656    
   7675225.50      0.996078968    
   7686472.50      0.996069431    
   7697718.50      0.996061087    
   7708965.00      0.996068895    
   7720211.00      0.996076524    
   7731457.50      0.996069133    
   7742703.50      0.996073544    
   7753949.50      0.996061265    
   7765196.00      0.996062160    
   7776442.00      0.996061504    
   7787688.50      0.996058226    
   7798934.50      0.996055961    
   7810181.00      0.996051013    
   7821427.00      0.996046782    
   7832674.00      0.996040940    
   7843920.50      0.996040940    
   7855166.50      0.996035814    
   7866413.50      0.996040344    
   7877659.50      0.996033192    
   7888906.00      0.996027827    
   7900152.50      0.996027231    
   7911398.50      0.996014178    
   7922644.50      0.996005654    
   7933890.50      0.995995581    
   7945136.50      0.995997012    
   7956383.50      0.995990455    
   7967630.00      0.995983124    
   7978876.00      0.995984495    
   7990123.00      0.995983481    
   8001369.00      0.995980859    
   8012615.50      0.995976925    
   8023862.00      0.995980442    
   8035108.00      0.995983064    
   8046354.00      0.995980084    
   8057600.00      0.995974600    
   8068846.00      0.995975137    
   8080092.00      0.995968461    
   8091339.00      0.995967150    
   8102585.00      0.995974064    
   8113831.00      0.995983958    
   8125077.00      0.995983899    
   8136324.00      0.995985568    
   8147570.00      0.995985389    
   8158816.00      0.995981574    
   8170062.50      0.995982826    
   8181309.00      0.995986342    
   8192555.50      0.995988369    
   8203801.50      0.995985031    
   8215048.50      0.995989561    
   8226294.50      0.995981693    
   8237540.50      0.995973825    
   8248786.50      0.995978177    
   8260032.50      0.995974362    
   8271278.50      0.995970547    
   8282525.00      0.995962381    
   8293771.50      0.995964527    
   8305017.50      0.995961905    
   8316264.50      0.995967150    
   8327510.50      0.995969534    
   8338757.00      0.995965660    
   8350004.00      0.995972693    
   8361250.00      0.995968759    
   8372496.00      0.995964587    
   8383742.00      0.995963216    
   8394988.00      0.995957971    
   8406234.00      0.995957315    
   8417481.00      0.995956063    
   8428727.00      0.995945871    
   8439973.00      0.995949626    
   8451219.00      0.995951295    
   8462466.00      0.995948315    
   8473713.00      0.995953977    
   8484959.00      0.995953083    
   8496205.00      0.995962501    
   8507452.00      0.995953143    
   8518698.00      0.995953083    
   8529944.00      0.995949864    
   8541190.00      0.995946050    
   8552436.00      0.995942533    
   8563683.00      0.995941997    
   8574929.00      0.995932996    
   8586175.00      0.995926261    
   8597421.00      0.995923758    
   8608668.00      0.995922446    
   8619914.00      0.995931029    
   8631160.00      0.995929003    
   8642407.00      0.995930493    
   8653653.00      0.995931864    
   8664900.00      0.995918036    
   8676147.00      0.995907366    
   8687393.00      0.995902777    
   8698639.00      0.995893002    
   8709885.00      0.995895147    
   8721132.00      0.995890796    
   8732378.00      0.995890677    
   8743624.00      0.995882750    
   8754870.00      0.995882332    
   8766116.00      0.995882273    
   8777362.00      0.995876372    
   8788608.00      0.995879114    
   8799855.00      0.995873213    
   8811101.00      0.995870829    
   8822348.00      0.995873332    
   8833594.00      0.995867670    
   8844840.00      0.995865107    
   8856086.00      0.995855391    
   8867332.00      0.995848536    
   8878579.00      0.995841146    
   8889825.00      0.995838642    
   8901071.00      0.995832503    
   8912317.00      0.995824337    
   8923564.00      0.995823681    
   8934810.00      0.995829403    
   8946056.00      0.995831668    
   8957302.00      0.995841444    
   8968549.00      0.995839775    
   8979795.00      0.995837271    
   8991041.00      0.995839715    
   9002288.00      0.995837927    
   9013534.00      0.995836616    
   9024780.00      0.995836020    
   9036026.00      0.995828629    
   9047273.00      0.995833993    
   9058519.00      0.995834887    
   9069765.00      0.995835721    
   9081011.00      0.995832741    
   9092257.00      0.995831668    
   9103504.00      0.995828867    
   9114750.00      0.995827556    
   9125997.00      0.995827913    
   9137243.00      0.995835066    
   9148490.00      0.995833635    
   9159736.00      0.995822310    
   9170982.00      0.995831072    
   9182228.00      0.995823205    
   9193475.00      0.995820224    
   9204721.00      0.995818555    
   9215967.00      0.995817482    
   9227213.00      0.995821238    
   9238460.00      0.995820701    
   9249706.00      0.995816350    
   9260952.00      0.995814741    
   9272199.00      0.995811403    
   9283445.00      0.995816052    
   9294692.00      0.995814681    
   9305939.00      0.995816112    
   9317185.00      0.995812237    
   9328431.00      0.995802999    
   9339677.00      0.995797873    
   9350924.00      0.995798469    
   9362170.00      0.995796978    
   9373417.00      0.995789468    
   9384663.00      0.995787203    
   9395909.00      0.995782137    
   9407155.00      0.995779753    
   9418401.00      0.995784402    
   9429648.00      0.995785296    
   9440894.00      0.995783985    
   9452141.00      0.995771468    
   9463387.00      0.995771110    
   9474634.00      0.995770216    
   9485880.00      0.995768428    
   9497126.00      0.995761812    
   9508372.00      0.995764077    
   9519618.00      0.995759368    
   9530864.00      0.995754957    
   9542110.00      0.995749116    
   9553357.00      0.995747685    
   9564603.00      0.995742738    
   9575849.00      0.995744884    
   9587095.00      0.995741904    
   9598342.00      0.995739818    
   9609588.00      0.995734990    
   9620834.00      0.995725274    
   9632081.00      0.995728076    
   9643327.00      0.995731056    
   9654573.00      0.995727241    
   9665820.00      0.995726407    
   9677066.00      0.995721221    
   9688312.00      0.995719075    
   9699558.00      0.995720804    
   9710804.00      0.995721638    
   9722051.00      0.995716870    
   9733297.00      0.995712996    
   9744543.00      0.995712817    
   9755789.00      0.995708764    
   9767036.00      0.995702744    
   9778282.00      0.995691359    
   9789528.00      0.995685637    
   9800775.00      0.995682001    
   9812022.00      0.995683134    
   9823268.00      0.995689213    
   9834514.00      0.995692849    
   9845760.00      0.995682776    
   9857006.00      0.995676517    
   9868252.00      0.995673656    
   9879499.00      0.995667040    
   9890745.00      0.995669723    
   9901991.00      0.995676517    
   9913237.00      0.995671690    
   9924483.00      0.995666444    
   9935730.00      0.995671391    
   9946976.00      0.995671213    
   9958223.00      0.995673120    
   9969469.00      0.995677650    
   9980716.00      0.995670021    
   9991962.00      0.995669484    
   10003208.0      0.995670676    
   10014454.0      0.995685101    
   10025700.0      0.995687425    
   10036947.0      0.995684206    
   10048193.0      0.995682657    
   10059439.0      0.995690525    
   10070685.0      0.995684683    
   10081932.0      0.995685935    
   10093178.0      0.995679557    
   10104424.0      0.995680332    
   10115670.0      0.995677352    
   10126917.0      0.995673120    
   10138164.0      0.995664775    
   10149410.0      0.995664299    
   10160656.0      0.995671868    
   10171902.0      0.995667338    
   10183149.0      0.995663464    
   10194395.0      0.995657742    
   10205642.0      0.995656967    
   10216888.0      0.995659888    
   10228134.0      0.995658338    
   10239380.0      0.995657682    
   10250627.0      0.995654762    
   10261873.0      0.995655596    
   10273120.0      0.995658159    
   10284367.0      0.995667398    
   10295613.0      0.995663881    
   10306860.0      0.995653093    
   10318106.0      0.995650172    
   10329353.0      0.995658398    
   10340599.0      0.995662093    
   10351846.0      0.995666027    
   10363092.0      0.995665431    
   10374339.0      0.995659769    
   10385585.0      0.995657265    
   10396831.0      0.995650709    
   10408078.0      0.995655119    
   10419324.0      0.995654345    
   10430571.0      0.995655596    
   10441817.0      0.995659888    
   10453064.0      0.995659709    
   10464310.0      0.995655954    
   10475557.0      0.995652556    
   10486804.0      0.995652556    
   10498051.0      0.995651603    
   10509297.0      0.995640576    
   10520543.0      0.995645285    
   10531790.0      0.995641768    
   10543036.0      0.995651543    
   10554283.0      0.995652556    
   10565529.0      0.995649278    
   10576775.0      0.995637953    
   10588022.0      0.995634854    
   10599268.0      0.995638072    
   10610515.0      0.995642245    
   10621761.0      0.995632887    
   10633007.0      0.995623171    
   10644254.0      0.995615244    
   10655501.0      0.995624006    
   10666747.0      0.995617509    
   10677994.0      0.995613039    
   10689240.0      0.995620131    
   10700486.0      0.995623827    
   10711732.0      0.995624304    
   10722979.0      0.995617092    
   10734225.0      0.995619893    
   10745472.0      0.995627820    
   10756718.0      0.995628297    
   10767964.0      0.995627761    
   10779210.0      0.995621562    
   10790456.0      0.995621443    
   10801702.0      0.995624602    
   10812948.0      0.995620012    
   10824195.0      0.995618761    
   10835441.0      0.995613039    
   10846687.0      0.995609462    
   10857933.0      0.995606482    
   10869179.0      0.995609343    
   10880425.0      0.995613039    
   10891671.0      0.995607138    
   10902917.0      0.995612860    
   10914163.0      0.995612800    
   10925409.0      0.995613694    
   10936655.0      0.995614767    
   10947901.0      0.995610416    
   10959148.0      0.995608211    
   10970395.0      0.995606899    
   10981641.0      0.995602846    
   10992887.0      0.995598972    
   11004133.0      0.995599449    
   11015379.0      0.995600104    
   11026625.0      0.995600760    
   11037871.0      0.995602369    
   11049117.0      0.995607436    
   11060364.0      0.995602727    
   11071610.0      0.995607913    
   11082856.0      0.995603621    
   11094102.0      0.995599389    
   11105348.0      0.995589018    
   11116594.0      0.995591521    
   11127840.0      0.995589077    
   11139086.0      0.995587230    
   11150332.0      0.995584965    
   11161578.0      0.995577991    
   11172826.0      0.995570600    
   11184072.0      0.995570600    
   11195318.0      0.995582819    
   11206564.0      0.995584011    
   11217810.0      0.995572746    
   11229056.0      0.995572865    
   11240302.0      0.995570064    
   11251549.0      0.995565176    
   11262796.0      0.995560706    
   11274042.0      0.995554030    
   11285288.0      0.995547235    
   11296534.0      0.995540321    
   11307780.0      0.995534122    
   11319026.0      0.995530844    
   11330273.0      0.995528698    
   11341519.0      0.995527327    
   11352765.0      0.995529950    
   11364012.0      0.995524645    
   11375258.0      0.995526552    
   11386504.0      0.995526433    
   11397750.0      0.995522618    
   11408996.0      0.995521307    
   11420242.0      0.995522738    
   11431488.0      0.995524049    
   11442734.0      0.995525658    
   11453981.0      0.995517492    
   11465228.0      0.995513737    
   11476474.0      0.995509326    
   11487720.0      0.995502114    
   11498967.0      0.995502174    
   11510213.0      0.995506048    
   11521459.0      0.995501876    
   11532705.0      0.995501697    
   11543951.0      0.995502949    
   11555197.0      0.995508254    
   11566444.0      0.995505154    
   11577691.0      0.995505214    
   11588937.0      0.995503008    
   11600183.0      0.995498419    
   11611429.0      0.995496988    
   11622675.0      0.995500386    
   11633921.0      0.995496809    
   11645167.0      0.995489061    
   11656415.0      0.995485783    
   11667661.0      0.995491385    
   11678907.0      0.995485544    
   11690153.0      0.995489657    
   11701400.0      0.995488107    
   11712646.0      0.995485127    
   11723892.0      0.995486915    
   11735139.0      0.995488346    
   11746385.0      0.995487750    
   11757631.0      0.995483160    
   11768877.0      0.995480120    
   11780124.0      0.995483220    
   11791370.0      0.995487154    
   11802616.0      0.995486200    
   11813862.0      0.995491385    
   11825108.0      0.995484948    
   11836355.0      0.995488286    
   11847601.0      0.995493710    
   11858848.0      0.995495737    
   11870094.0      0.995500207    
   11881340.0      0.995493531    
   11892586.0      0.995488048    
   11903834.0      0.995490313    
   11915080.0      0.995484114    
   11926326.0      0.995486856    
   11937572.0      0.995487690    
   11948818.0      0.995483637    
   11960064.0      0.995483041    
   11971310.0      0.995483458    
   11982556.0      0.995485604    
   11993802.0      0.995477438    
   12005048.0      0.995475531    
   12016294.0      0.995480418    
   12027542.0      0.995472968    
   12038788.0      0.995474994    
   12050034.0      0.995477974    
   12061280.0      0.995474696    
   12072526.0      0.995468497    
   12083772.0      0.995470345    
   12095018.0      0.995464146    
   12106264.0      0.995464504    
   12117510.0      0.995458543    
   12128756.0      0.995454967    
   12140003.0      0.995448887    
   12151249.0      0.995444477    
   12162495.0      0.995444417    
   12173741.0      0.995437562    
   12184988.0      0.995429993    
   12196234.0      0.995436609    
   12207480.0      0.995440602    
   12218726.0      0.995440006    
   12229972.0      0.995433748    
   12241219.0      0.995430291    
   12252465.0      0.995427787    
   12263711.0      0.995427489    
   12274957.0      0.995437920    
   12286203.0      0.995441377    
   12297449.0      0.995435178    
   12308695.0      0.995432377    
   12319941.0      0.995427191    
   12331187.0      0.995428145    
   12342433.0      0.995420992    
   12353679.0      0.995409191    
   12364925.0      0.995411277    
   12376172.0      0.995402277    
   12387419.0      0.995403111    
   12398665.0      0.995395303    
   12409911.0      0.995387673    
   12421157.0      0.995387197    
   12432403.0      0.995382667    
   12443649.0      0.995381773    
   12454895.0      0.995379686    
   12466141.0      0.995376348    
   12477388.0      0.995376766    
   12488634.0      0.995373905    
   12499880.0      0.995374382    
   12511126.0      0.995371640    
   12522372.0      0.995369673    
   12533618.0      0.995368123    
   12544864.0      0.995360315    
   12556110.0      0.995361865    
   12567356.0      0.995361090    
   12578602.0      0.995355844    
   12589848.0      0.995359659    
   12601094.0      0.995351970    
   12612340.0      0.995348036    
   12623587.0      0.995348275    
   12634833.0      0.995350659    
   12646079.0      0.995355308    
   12657325.0      0.995354176    
   12668572.0      0.995351791    
   12679818.0      0.995346010    
   12691064.0      0.995345294    
   12702310.0      0.995342851    
   12713558.0      0.995348275    
   12724804.0      0.995354176    
   12736050.0      0.995359123    
   12747296.0      0.995358706    
   12758542.0      0.995348990    
   12769788.0      0.995345533    
   12781034.0      0.995344222    
   12792282.0      0.995343626    
   12803528.0      0.995348036    
   12814774.0      0.995344222    
   12826020.0      0.995340407    
   12837266.0      0.995332479    
   12848512.0      0.995324254    
   12859758.0      0.995324790    
   12871005.0      0.995326638    
   12882252.0      0.995325565    
   12893498.0      0.995323896    
   12904744.0      0.995326757    
   12915991.0      0.995333195    
   12927237.0      0.995333552    
   12938483.0      0.995335102    
   12949729.0      0.995331943    
   12960975.0      0.995330572    
   12972221.0      0.995341957    
   12983468.0      0.995338142    
   12994715.0      0.995332718    
   13005961.0      0.995332479    
   13017207.0      0.995331168    
   13028453.0      0.995328307    
   13039699.0      0.995324790    
   13050945.0      0.995320678    
   13062191.0      0.995313585    
   13073439.0      0.995306253    
   13084685.0      0.995307922    
   13095931.0      0.995302975    
   13107177.0      0.995296299    
   13118424.0      0.995293260    
   13129670.0      0.995288610    
   13140916.0      0.995286047    
   13152163.0      0.995289445    
   13163409.0      0.995290518    
   13174655.0      0.995291889    
   13185901.0      0.995289445    
   13197148.0      0.995291829    
   13208394.0      0.995280981    
   13219640.0      0.995282292    
   13230886.0      0.995279908    
   13242134.0      0.995279372    
   13253380.0      0.995276332    
   13264626.0      0.995284200    
   13275872.0      0.995276332    
   13287118.0      0.995270610    
   13298364.0      0.995266497    
   13309610.0      0.995268941    
   13320858.0      0.995274186    
   13332104.0      0.995279312    
   13343350.0      0.995278180    
   13354596.0      0.995280206    
   13365842.0      0.995274365    
   13377088.0      0.995276570    
   13388334.0      0.995279074    
   13399580.0      0.995277226    
   13410826.0      0.995284855    
   13422072.0      0.995284736    
   13433318.0      0.995279491    
   13444564.0      0.995279014    
   13455811.0      0.995278835    
   13467057.0      0.995279551    
   13478303.0      0.995276809    
   13489549.0      0.995271444    
   13500795.0      0.995263875    
   13512041.0      0.995265603    
   13523287.0      0.995266020    
   13534533.0      0.995259941    
   13545779.0      0.995257318    
   13557025.0      0.995257437    
   13568271.0      0.995264649    
   13579517.0      0.995259941    
   13590764.0      0.995261252    
   13602011.0      0.995263338    
   13613257.0      0.995260835    
   13624503.0      0.995261788    
   13635749.0      0.995269179    
   13646995.0      0.995266974    
   13658241.0      0.995267391    
   13669487.0      0.995275676    
   13680733.0      0.995275736    
   13691980.0      0.995272756    
   13703226.0      0.995272517    
   13714472.0      0.995267928    
   13725718.0      0.995274365    
   13736964.0      0.995275736    
   13748210.0      0.995279133    
   13759456.0      0.995273113    
   13770702.0      0.995275319    
   13781948.0      0.995272994    
   13793194.0      0.995272875    
   13804440.0      0.995274484    
   13815686.0      0.995277464    
   13826932.0      0.995271623    
   13838179.0      0.995275676    
   13849425.0      0.995275199    
   13860671.0      0.995270252    
   13871917.0      0.995268106    
   13883164.0      0.995268881    
   13894410.0      0.995263457    
   13905656.0      0.995261371    
   13916902.0      0.995257556    
   13928148.0      0.995256066    
   13939395.0      0.995256960    
   13950641.0      0.995257974    
   13961888.0      0.995255947    
   13973134.0      0.995241940    
   13984380.0      0.995232463    
   13995626.0      0.995236337    
   14006872.0      0.995235384    
   14018118.0      0.995233715    
   14029364.0      0.995233238    
   14040611.0      0.995234013    
   14051857.0      0.995236278    
   14063103.0      0.995239258    
   14074349.0      0.995241642    
   14085596.0      0.995244205    
   14096842.0      0.995242357    
   14108088.0      0.995244741    
   14119334.0      0.995242894    
   14130582.0      0.995240033    
   14141828.0      0.995247424    
   14153074.0      0.995245695    
   14164320.0      0.995244980    
   14175566.0      0.995246947    
   14186812.0      0.995249033    
   14198058.0      0.995243251    
   14209306.0      0.995240271    
   14220552.0      0.995239437    
   14231798.0      0.995232761    
   14243044.0      0.995234370    
   14254290.0      0.995240271    
   14265536.0      0.995235741    
   14276782.0      0.995235682    
   14288029.0      0.995231092    
   14299276.0      0.995222270    
   14310522.0      0.995221496    
   14321768.0      0.995220661    
   14333015.0      0.995220125    
   14344261.0      0.995216966    
   14355507.0      0.995220423    
   14366753.0      0.995216906    
   14377999.0      0.995210409    
   14389245.0      0.995206118    
   14400492.0      0.995198309    
   14411739.0      0.995200872    
   14422985.0      0.995199025    
   14434231.0      0.995199442    
   14445477.0      0.995191395    
   14456723.0      0.995192111    
   14467969.0      0.995186388    
   14479215.0      0.995188594    
   14490463.0      0.995188832    
   14501709.0      0.995187700    
   14512955.0      0.995179892    
   14524201.0      0.995176494    
   14535448.0      0.995177090    
   14546694.0      0.995186687    
   14557940.0      0.995179951    
   14569187.0      0.995178223    
   14580433.0      0.995170057    
   14591679.0      0.995163023    
   14602925.0      0.995159626    
   14614171.0      0.995159388    
   14625417.0      0.995158851    
   14636663.0      0.995156229    
   14647909.0      0.995149970    
   14659156.0      0.995140970    
   14670403.0      0.995144904    
   14681649.0      0.995143056    
   14692895.0      0.995141506    
   14704141.0      0.995138466    
   14715387.0      0.995137095    
   14726633.0      0.995137990    
   14737879.0      0.995131731    
   14749125.0      0.995126247    
   14760371.0      0.995127439    
   14771617.0      0.995136499    
   14782863.0      0.995134711    
   14794109.0      0.995136321    
   14805356.0      0.995136201    
   14816603.0      0.995132625    
   14827849.0      0.995138645    
   14839095.0      0.995138705    
   14850341.0      0.995141208    
   14861587.0      0.995143592    
   14872833.0      0.995136857    
   14884079.0      0.995135367    
   14895325.0      0.995137274    
   14906572.0      0.995139778    
   14917818.0      0.995131135    
   14929064.0      0.995133162    
   14940310.0      0.995134354    
   14951556.0      0.995134354    
   14962802.0      0.995136499    
   14974048.0      0.995132744    
   14985294.0      0.995130241    
   14996540.0      0.995127439    
   15007786.0      0.995130837    
   15019034.0      0.995134413    
   15030280.0      0.995137274    
   15041526.0      0.995137334    
   15052772.0      0.995125294    
   15064018.0      0.995118380    
   15075264.0      0.995121002    
   15086510.0      0.995125890    
   15097756.0      0.995128810    
   15109002.0      0.995130062    
   15120248.0      0.995127201    
   15131494.0      0.995128036    
   15142740.0      0.995138705    
   15153987.0      0.995142043    
   15165233.0      0.995144784    
   15176480.0      0.995137572    
   15187726.0      0.995135367    
   15198972.0      0.995131910    
   15210218.0      0.995135367    
   15221464.0      0.995138526    
   15232710.0      0.995130241    
   15243956.0      0.995133221    
   15255203.0      0.995133638    
   15266449.0      0.995131552    
   15277695.0      0.995133460    
   15288941.0      0.995134354    
   15300188.0      0.995132446    
   15311434.0      0.995133460    
   15322680.0      0.995127797    
   15333926.0      0.995121777    
   15345174.0      0.995116711    
   15356420.0      0.995120764    
   15367666.0      0.995118022    
   15378912.0      0.995114505    
   15390158.0      0.995114565    
   15401404.0      0.995103002    
   15412650.0      0.995091200    
   15423898.0      0.995089471    
   15435144.0      0.995094657    
   15446390.0      0.995094836    
   15457636.0      0.995094538    
   15468882.0      0.995087981    
   15480128.0      0.995087683    
   15491374.0      0.995090783    
   15502621.0      0.995089769    
   15513868.0      0.995088935    
   15525114.0      0.995089412    
   15536360.0      0.995089352    
   15547607.0      0.995096266    
   15558853.0      0.995096028    
   15570099.0      0.995095730    
   15581345.0      0.995091379    
   15592591.0      0.995098174    
   15603837.0      0.995095730    
   15615084.0      0.995104074    
   15626331.0      0.995102108    
   15637577.0      0.995106637    
   15648823.0      0.995099545    
   15660069.0      0.995100498    
   15671316.0      0.995094001    
   15682563.0      0.995098472    
   15693809.0      0.995097101    
   15705056.0      0.995093226    
   15716302.0      0.995085955    
   15727548.0      0.995084405    
   15738794.0      0.995087802    
   15750042.0      0.995097220    
   15761288.0      0.995095134    
   15772534.0      0.995094597    
   15783780.0      0.995096505    
   15795026.0      0.995095193    
   15806272.0      0.995091915    
   15817518.0      0.995090485    
   15828765.0      0.995086372    
   15840012.0      0.995083451    
   15851258.0      0.995072544    
   15862504.0      0.995075583    
   15873751.0      0.995076418    
   15884997.0      0.995080650    
   15896243.0      0.995079637    
   15907489.0      0.995083749    
   15918735.0      0.995079339    
   15929981.0      0.995074928    
   15941228.0      0.995079100    
   15952474.0      0.995073497    
   15963720.0      0.995081425    
   15974966.0      0.995082319    
   15986212.0      0.995082319    
   15997459.0      0.995080411    
   16008705.0      0.995079935    
   16019951.0      0.995072722    
   16031199.0      0.995073378    
   16042445.0      0.995073855    
   16053691.0      0.995066047    
   16064937.0      0.995067537    
   16076183.0      0.995068073    
   16087429.0      0.995063961    
   16098675.0      0.995056212    
   16109921.0      0.995049834    
   16121167.0      0.995048523    
   16132413.0      0.995047510    
   16143660.0      0.995039225    
   16154907.0      0.995037794    
   16166153.0      0.995035410    
   16177399.0      0.995035470    
   16188645.0      0.995040596    
   16199891.0      0.995033324    
   16211137.0      0.995030046    
   16222383.0      0.995023668    
   16233629.0      0.995025456    
   16244876.0      0.995020449    
   16256122.0      0.995014369    
   16267368.0      0.995013058    
   16278614.0      0.995021999    
   16289860.0      0.995018780    
   16301106.0      0.995015085    
   16312352.0      0.995002985    
   16323598.0      0.995005965    
   16334844.0      0.994998336    
   16346090.0      0.994999230    
   16357338.0      0.995002151    
   16368584.0      0.995001078    
   16379830.0      0.994992852    
   16391076.0      0.995002449    
   16402322.0      0.995005429    
   16413568.0      0.995004952    
   16424814.0      0.994999290    
   16436060.0      0.994993031    
   16447306.0      0.994994581    
   16458552.0      0.994991899    
   16469798.0      0.994994104    
   16481044.0      0.994994521    
   16492291.0      0.994998693    
   16503537.0      0.994997501    
   16514784.0      0.994995296    
   16526030.0      0.994988561    
   16537276.0      0.994990230    
   16548522.0      0.994989336    
   16559768.0      0.994989693    
   16571014.0      0.994990766    
   16582260.0      0.994995952    
   16593507.0      0.994997799    
   16604753.0      0.994995713    
   16615999.0      0.994997323    
   16627245.0      0.994998872    
   16638492.0      0.994995177    
   16649738.0      0.994990468    
   16660984.0      0.995000064    
   16672230.0      0.994997621    
   16683476.0      0.994991541    
   16694723.0      0.994989872    
   16705969.0      0.994993567    
   16717215.0      0.994982898    
   16728461.0      0.994981766    
   16739707.0      0.994978964    
   16750953.0      0.994968414    
   16762200.0      0.994973779    
   16773446.0      0.994980097    
   16784692.0      0.994980097    
   16795938.0      0.994980156    
   16807184.0      0.994978786    
   16818430.0      0.994986773    
   16829676.0      0.994981468    
   16840924.0      0.994970381    
   16852170.0      0.994966269    
   16863416.0      0.994973123    
   16874662.0      0.994973004    
   16885910.0      0.994971871    
   16897156.0      0.994970918    
   16908402.0      0.994969726    
   16919648.0      0.994965732    
   16930894.0      0.994958878    
   16942140.0      0.994962990    
   16953386.0      0.994954288    
   16964634.0      0.994950235    
   16975880.0      0.994958103    
   16987126.0      0.994963527    
   16998372.0      0.994967103    
   17009618.0      0.994962215    
   17020864.0      0.994961798    
   17032110.0      0.994953156    
   17043356.0      0.994949639    
   17054602.0      0.994946837    
   17065848.0      0.994941413    
   17077094.0      0.994945884    
   17088342.0      0.994952798    
   17099588.0      0.994948626    
   17110834.0      0.994951069    
   17122080.0      0.994943798    
   17133326.0      0.994940162    
   17144572.0      0.994930863    
   17155818.0      0.994932473    
   17167066.0      0.994934916    
   17178312.0      0.994932771    
   17189558.0      0.994926989    
   17200804.0      0.994929731    
   17212050.0      0.994926810    
   17223296.0      0.994918227    
   17234542.0      0.994920015    
   17245790.0      0.994925737    
   17257036.0      0.994927287    
   17268282.0      0.994925559    
   17279528.0      0.994932413    
   17290776.0      0.994929135    
   17302022.0      0.994931400    
   17313268.0      0.994935513    
   17324514.0      0.994932711    
   17335760.0      0.994932413    
   17347006.0      0.994928896    
   17358252.0      0.994921029    
   17369498.0      0.994919121    
   17380744.0      0.994916856    
   17391990.0      0.994915545    
   17403236.0      0.994921625    
   17414482.0      0.994921565    
   17425728.0      0.994913936    
   17436974.0      0.994912565    
   17448220.0      0.994911432    
   17459466.0      0.994915545    
   17470712.0      0.994911432    
   17481958.0      0.994909286    
   17493204.0      0.994911790    
   17504450.0      0.994908452    
   17515696.0      0.994910002    
   17526942.0      0.994904757    
   17538188.0      0.994899452    
   17549434.0      0.994895756    
   17560680.0      0.994890809    
   17571928.0      0.994894028    
   17583174.0      0.994892597    
   17594420.0      0.994893134    
   17605666.0      0.994895041    
   17616912.0      0.994889855    
   17628158.0      0.994882941    
   17639404.0      0.994875848    
   17650650.0      0.994871140    
   17661896.0      0.994876921    
   17673142.0      0.994874597    
   17684388.0      0.994872451    
   17695634.0      0.994871438    
   17706880.0      0.994873941    
   17718126.0      0.994873524    
   17729374.0      0.994868875    
   17740620.0      0.994866729    
   17751866.0      0.994865477    
   17763112.0      0.994867325    
   17774360.0      0.994876862    
   17785606.0      0.994879901    
   17796852.0      0.994877100    
   17808098.0      0.994868994    
   17819344.0      0.994865179    
   17830590.0      0.994862437    
   17841836.0      0.994856656    
   17853082.0      0.994852841    
   17864328.0      0.994847059    
   17875574.0      0.994848013    
   17886820.0      0.994846046    
   17898066.0      0.994839430    
   17909312.0      0.994847119    
   17920558.0      0.994849265    
   17931806.0      0.994852006    
   17943052.0      0.994842887    
   17954298.0      0.994842291    
   17965544.0      0.994843960    
   17976790.0      0.994845152    
   17988036.0      0.994847357    
   17999282.0      0.994843304    
   18010528.0      0.994841933    
   18021774.0      0.994836271    
   18033020.0      0.994836032    
   18044266.0      0.994837344    
   18055514.0      0.994837880    
   18066760.0      0.994838238    
   18078006.0      0.994837284    
   18089252.0      0.994848073    
   18100498.0      0.994847775    
   18111744.0      0.994849145    
   18122990.0      0.994851172    
   18134238.0      0.994846702    
   18145484.0      0.994842827    
   18156730.0      0.994841933    
   18167976.0      0.994837165    
   18179224.0      0.994841635    
   18190470.0      0.994847357    
   18201716.0      0.994852364    
   18212962.0      0.994847894    
   18224208.0      0.994846702    
   18235454.0      0.994841754    
   18246700.0      0.994841397    
   18257946.0      0.994844794    
   18269192.0      0.994838655    
   18280440.0      0.994831920    
   18291686.0      0.994832695    
   18302932.0      0.994836092    
   18314178.0      0.994836450    
   18325424.0      0.994835734    
   18336670.0      0.994828641    
   18347916.0      0.994828343    
   18359162.0      0.994830310    
   18370408.0      0.994839847    
   18381656.0      0.994838715    
   18392902.0      0.994843125    
   18404148.0      0.994841993    
   18415394.0      0.994842470    
   18426640.0      0.994845510    
   18437886.0      0.994838476    
   18449132.0      0.994839489    
   18460378.0      0.994839907    
   18471624.0      0.994836867    
   18482870.0      0.994832814    
   18494116.0      0.994831085    
   18505362.0      0.994830608    
   18516608.0      0.994828403    
   18527854.0      0.994821072    
   18539100.0      0.994821489    
   18550346.0      0.994818628    
   18561592.0      0.994815230    
   18572838.0      0.994814694    
   18584084.0      0.994819164    
   18595330.0      0.994821906    
   18606576.0      0.994817197    
   18617822.0      0.994817555    
   18629068.0      0.994816899    
   18640314.0      0.994810402    
   18651560.0      0.994803190    
   18662808.0      0.994797349    
   18674054.0      0.994799197    
   18685300.0      0.994793296    
   18696546.0      0.994789720    
   18707792.0      0.994793415    
   18719038.0      0.994799495    
   18730284.0      0.994799733    
   18741530.0      0.994803190    
   18752776.0      0.994802535    
   18764022.0      0.994795322    
   18775268.0      0.994792998    
   18786514.0      0.994791389    
   18797760.0      0.994794786    
   18809006.0      0.994799137    
   18820252.0      0.994797289    
   18831498.0      0.994800270    
   18842744.0      0.994797945    
   18853990.0      0.994800389    
   18865236.0      0.994793773    
   18876482.0      0.994792223    
   18887728.0      0.994787395    
   18898974.0      0.994788051    
   18910220.0      0.994785666    
   18921466.0      0.994785666    
   18932712.0      0.994779289    
   18943960.0      0.994773090    
   18955206.0      0.994771659    
   18966452.0      0.994774640    
   18977698.0      0.994775772    
   18988944.0      0.994777620    
   19000190.0      0.994781315    
   19011436.0      0.994780362    
   19022682.0      0.994780064    
   19033928.0      0.994774461    
   19045176.0      0.994776249    
   19056422.0      0.994778395    
   19067668.0      0.994781315    
   19078914.0      0.994785130    
   19090160.0      0.994786322    
   19101406.0      0.994785786    
   19112652.0      0.994786918    
   19123898.0      0.994789302    
   19135144.0      0.994781494    
   19146392.0      0.994779825    
   19157638.0      0.994771361    
   19168884.0      0.994782686    
   19180130.0      0.994781315    
   19191376.0      0.994782567    
   19202622.0      0.994786620    
   19213868.0      0.994784117    
   19225114.0      0.994788051    
   19236360.0      0.994783759    
   19247608.0      0.994785130    
   19258854.0      0.994787157    
   19270100.0      0.994781554    
   19281346.0      0.994776964    
   19292592.0      0.994777858    
   19303838.0      0.994773328    
   19315084.0      0.994777203    
   19326330.0      0.994781435    
   19337576.0      0.994780719    
   19348824.0      0.994778752    
   19360070.0      0.994779766    
   19371316.0      0.994779766    
   19382562.0      0.994776249    
   19393808.0      0.994777918    
   19405054.0      0.994777143    
   19416300.0      0.994775772    
   19427546.0      0.994777143    
   19438792.0      0.994775772    
   19450040.0      0.994776130    
   19461286.0      0.994768500    
   19472532.0      0.994770765    
   19483778.0      0.994767606    
   19495024.0      0.994773567    
   19506270.0      0.994775057    
   19517516.0      0.994770288    
   19528762.0      0.994768143    
   19540008.0      0.994767070    
   19551256.0      0.994769692    
   19562502.0      0.994767547    
   19573748.0      0.994769692    
   19584994.0      0.994771659    
   19596240.0      0.994770586    
   19607486.0      0.994768739    
   19618732.0      0.994758964    
   19629978.0      0.994755149    
   19641224.0      0.994749069    
   19652470.0      0.994745791    
   19663716.0      0.994743884    
   19674962.0      0.994737089    
   19686208.0      0.994738638    
   19697454.0      0.994742751    
   19708700.0      0.994739711    
   19719946.0      0.994749069    
   19731192.0      0.994740963    
   19742438.0      0.994738102    
   19753684.0      0.994736731    
   19764930.0      0.994732678    
   19776176.0      0.994731188    
   19787422.0      0.994725347    
   19798668.0      0.994720280    
   19809914.0      0.994719625    
   19821160.0      0.994715095    
   19832408.0      0.994718790    
   19843654.0      0.994719744    
   19854900.0      0.994714737    
   19866146.0      0.994713902    
   19877392.0      0.994710147    
   19888638.0      0.994702399    
   19899884.0      0.994703591    
   19911130.0      0.994701028    
   19922376.0      0.994702458    
   19933622.0      0.994695663    
   19944868.0      0.994693279    
   19956114.0      0.994699299    
   19967360.0      0.994697630    
   19978606.0      0.994691610    
   19989852.0      0.994686723    
   20001098.0      0.994691133    
   20012344.0      0.994683921    
   20023590.0      0.994688094    
   20034836.0      0.994679630    
   20046082.0      0.994687855    
   20057328.0      0.994684279    
   20068574.0      0.994684994    
   20079820.0      0.994685948    
   20091066.0      0.994686127    
   20102312.0      0.994689941    
   20113560.0      0.994690657    
   20124806.0      0.994694233    
   20136052.0      0.994683087    
   20147298.0      0.994680405    
   20158544.0      0.994684458    
   20169790.0      0.994688749    
   20181036.0      0.994687796    
   20192282.0      0.994695067    
   20203528.0      0.994699419    
   20214776.0      0.994697094    
   20226022.0      0.994694769    
   20237268.0      0.994693220    
   20248514.0      0.994693816    
   20259760.0      0.994699240    
   20271006.0      0.994701087    
   20282252.0      0.994693458    
   20293498.0      0.994687855    
   20304744.0      0.994687498    
   20315992.0      0.994681537    
   20327238.0      0.994686306    
   20338484.0      0.994688630    
   20349730.0      0.994688749    
   20360976.0      0.994696140    
   20372222.0      0.994699955    
   20383468.0      0.994700909    
   20394714.0      0.994698048    
   20405960.0      0.994692385    
   20417206.0      0.994690776    
   20428452.0      0.994686902    
   20439700.0      0.994685292    
   20450946.0      0.994692445    
   20462192.0      0.994696259    
   20473438.0      0.994700611    
   20484684.0      0.994691312    
   20495930.0      0.994699001    
   20507176.0      0.994699121    
   20518424.0      0.994692445    
   20529670.0      0.994694293    
   20540916.0      0.994693816    
   20552162.0      0.994698048    
   20563408.0      0.994693577    
   20574654.0      0.994695127    
   20585900.0      0.994693935    
   20597146.0      0.994701684    
   20608392.0      0.994697392    
   20619640.0      0.994692624    
   20630886.0      0.994690239    
   20642132.0      0.994686604    
   20653378.0      0.994684279    
   20664624.0      0.994681776    
   20675870.0      0.994675457    
   20687118.0      0.994674206    
   20698364.0      0.994683146    
   20709610.0      0.994685531    
   20720856.0      0.994685054    
   20732102.0      0.994682074    
   20743348.0      0.994686306    
   20754594.0      0.994685888    
   20765842.0      0.994688928    
   20777088.0      0.994692087    
   20788334.0      0.994685948    
   20799580.0      0.994695485    
   20810826.0      0.994699538    
   20822072.0      0.994696021    
   20833318.0      0.994699776    
   20844564.0      0.994701982    
   20855810.0      0.994709551    
   20867056.0      0.994714499    
   20878302.0      0.994721651    
   20889550.0      0.994714200    
   20900796.0      0.994713545    
   20912042.0      0.994718850    
   20923288.0      0.994704425    
   20934534.0      0.994696438    
   20945780.0      0.994698048    
   20957026.0      0.994698286    
   20968274.0      0.994696558    
   20979520.0      0.994699419    
   20990766.0      0.994696259    
   21002012.0      0.994693935    
   21013258.0      0.994695425    
   21024504.0      0.994691610    
   21035750.0      0.994687140    
   21046998.0      0.994686127    
   21058244.0      0.994676113    
   21069490.0      0.994669199    
   21080736.0      0.994670630    
   21091984.0      0.994674981    
   21103230.0      0.994678736    
   21114476.0      0.994673252    
   21125722.0      0.994670808    
   21136968.0      0.994671047    
   21148214.0      0.994671166    
   21159460.0      0.994666576    
   21170706.0      0.994660497    
   21181952.0      0.994659722    
   21193198.0      0.994657516    
   21204444.0      0.994661272    
   21215690.0      0.994656503    
   21226936.0      0.994655132    
   21238182.0      0.994655311    
   21249428.0      0.994650483    
   21260674.0      0.994645536    
   21271920.0      0.994642079    
   21283166.0      0.994632781    
   21294412.0      0.994634092    
   21305658.0      0.994637609    
   21316904.0      0.994632244    
   21328152.0      0.994630635    
   21339398.0      0.994635105    
   21350644.0      0.994637370    
   21361890.0      0.994628608    
   21373136.0      0.994625390    
   21384382.0      0.994621634    
   21395628.0      0.994618475    
   21406874.0      0.994624078    
   21418120.0      0.994615614    
   21429366.0      0.994616330    
   21440612.0      0.994610727    
   21451858.0      0.994617224    
   21463104.0      0.994608164    
   21474350.0      0.994604170    
   21485596.0      0.994612098    
   21496842.0      0.994616866    
   21508088.0      0.994617224    
   21519334.0      0.994617283    
   21530580.0      0.994620442    
   21541826.0      0.994622827    
   21553072.0      0.994628310    
   21564318.0      0.994629741    
   21575564.0      0.994624257    
   21586810.0      0.994629085    
   21598056.0      0.994627237    
   21609304.0      0.994635761    
   21620550.0      0.994640112    
   21631796.0      0.994641125    
   21643042.0      0.994640708    
   21654288.0      0.994633734    
   21665534.0      0.994636476    
   21676780.0      0.994643569    
   21688026.0      0.994644403    
   21699272.0      0.994646907    
   21710518.0      0.994647503    
   21721764.0      0.994648516    
   21733010.0      0.994654417    
   21744256.0      0.994648218    
   21755502.0      0.994647801    
   21766748.0      0.994642615    
   21777994.0      0.994647801    
   21789240.0      0.994639754    
   21800486.0      0.994635940    
   21811732.0      0.994642437    
   21822978.0      0.994643450    
   21834224.0      0.994643331    
   21845470.0      0.994653225    
   21856716.0      0.994654417    
   21867962.0      0.994647622    
   21879208.0      0.994647205    
   21890456.0      0.994638383    
   21901702.0      0.994630456    
   21912948.0      0.994634032    
   21924194.0      0.994637966    
   21935440.0      0.994634986    
   21946686.0      0.994636893    
   21957932.0      0.994636297    
   21969178.0      0.994626760    
   21980424.0      0.994630098    
   21991670.0      0.994625866    
   22002916.0      0.994624615    
   22014162.0      0.994618297    
   22025408.0      0.994616687    
   22036654.0      0.994618177    
   22047900.0      0.994617641    
   22059146.0      0.994615614    
   22070392.0      0.994613647    
   22081638.0      0.994607091    
   22092884.0      0.994605839    
   22104130.0      0.994601965    
   22115376.0      0.994593859    
   22126622.0      0.994589329    
   22137868.0      0.994589746    
   22149114.0      0.994585216    
   22160360.0      0.994586885    
   22171608.0      0.994573414    
   22182854.0      0.994568586    
   22194100.0      0.994572997    
   22205346.0      0.994569242    
   22216592.0      0.994568110    
   22227838.0      0.994560838    
   22239084.0      0.994555712    
   22250330.0      0.994553745    
   22261576.0      0.994551837    
   22272822.0      0.994552612    
   22284068.0      0.994543672    
   22295314.0      0.994547188    
   22306560.0      0.994558513    
   22317806.0      0.994561791    
   22329052.0      0.994568765    
   22340298.0      0.994570076    
   22351544.0      0.994574428    
   22362790.0      0.994578183    
   22374036.0      0.994578838    
   22385282.0      0.994572222    
   22396528.0      0.994573832    
   22407774.0      0.994568050    
   22419020.0      0.994565666    
   22430266.0      0.994565368    
   22441512.0      0.994569778    
   22452760.0      0.994573593    
   22464006.0      0.994574308    
