   283856.469      0.999919713    
   295102.625      0.999914885    
   306348.812      0.999919593    
   317594.969      0.999909222    
   328841.375      0.999906063    
   340087.750      0.999905825    
   351334.156      0.999902427    
   362580.375      0.999904275    
   373826.562      0.999896288    
   385072.719      0.999897242    
   396318.875      0.999892712    
   407565.094      0.999891102    
   418811.281      0.999888003    
   430057.438      0.999883711    
   441303.594      0.999885082    
   452549.812      0.999877751    
   463796.000      0.999869823    
   475042.156      0.999860942    
   486288.312      0.999852121    
   497534.531      0.999850690    
   508780.906      0.999851704    
   520027.312      0.999854982    
   531273.750      0.999847770    
   542519.875      0.999858618    
   553766.062      0.999858797    
   565012.188      0.999855280    
   576258.375      0.999848843    
   587504.562      0.999844372    
   598750.750      0.999840915    
   609996.875      0.999847174    
   621243.062      0.999838173    
   632489.250      0.999835134    
   643735.375      0.999829173    
   654981.562      0.999828696    
   666227.750      0.999829531    
   677474.188      0.999821067    
   688720.562      0.999818504    
   699966.938      0.999819577    
   711213.125      0.999814153    
   722459.375      0.999810994    
   733705.500      0.999812067    
   744951.688      0.999808073    
   756197.938      0.999809265    
   767444.062      0.999804258    
   778690.250      0.999801934    
   789936.375      0.999794841    
   801182.562      0.999787927    
   812428.812      0.999788284    
   823674.938      0.999788642    
   834921.125      0.999788642    
   846167.375      0.999789357    
   857413.750      0.999793828    
   868660.188      0.999795556    
   879906.562      0.999794841    
   891152.750      0.999801457    
   902398.875      0.999803245    
   913645.062      0.999809563    
   924891.188      0.999804676    
   936137.375      0.999805093    
   947383.500      0.999801815    
   958629.688      0.999798357    
   969875.938      0.999796927    
   981122.062      0.999790967    
   992368.250      0.999790370    
   1003614.38      0.999790728    
   1014860.56      0.999789655    
   1026106.75      0.999786198    
   1037353.12      0.999789298    
   1048599.50      0.999782085    
   1059845.88      0.999774337    
   1071092.12      0.999767005    
   1082338.25      0.999763012    
   1093584.50      0.999764562    
   1104830.62      0.999761283    
   1116076.75      0.999756753    
   1127323.00      0.999756873    
   1138569.25      0.999757290    
   1149815.38      0.999761105    
   1161061.50      0.999756873    
   1172307.62      0.999754131    
   1183553.88      0.999756455    
   1194800.12      0.999753773    
   1206046.25      0.999757767    
   1217292.62      0.999757946    
   1228539.00      0.999756098    
   1239785.25      0.999758601    
   1251031.50      0.999756575    
   1262277.62      0.999750495    
   1273523.75      0.999749959    
   1284769.88      0.999742508    
   1296016.12      0.999744773    
   1307262.25      0.999740958    
   1318508.38      0.999743521    
   1329754.50      0.999744952    
   1341000.75      0.999738097    
   1352246.88      0.999745190    
   1363493.12      0.999755085    
   1374739.25      0.999756634    
   1385985.50      0.999749660    
   1397231.88      0.999744236    
   1408478.25      0.999750435    
   1419724.50      0.999745786    
   1430970.50      0.999740064    
   1442216.75      0.999739587    
   1453463.00      0.999736190    
   1464709.12      0.999738514    
   1475955.38      0.999730587    
   1487201.62      0.999729753    
   1498447.62      0.999723256    
   1509693.88      0.999716103    
   1520940.12      0.999718547    
   1532186.25      0.999724865    
   1543432.50      0.999727547    
   1554678.75      0.999733329    
   1565924.75      0.999728858    
   1577171.25      0.999726355    
   1588417.62      0.999731421    
   1599663.88      0.999730468    
   1610910.12      0.999739885    
   1622156.12      0.999749422    
   1633402.38      0.999755383    
   1644648.62      0.999757290    
   1655894.75      0.999751329    
   1667141.00      0.999748051    
   1678387.25      0.999748170    
   1689633.25      0.999747992    
   1700879.38      0.999745250    
   1712125.62      0.999745786    
   1723371.62      0.999751568    
   1734617.75      0.999742210    
   1745864.00      0.999747097    
   1757110.38      0.999748707    
   1768356.75      0.999752045    
   1779602.88      0.999750435    
   1790849.12      0.999744952    
   1802095.38      0.999738693    
   1813341.50      0.999733865    
   1824587.62      0.999739408    
   1835833.88      0.999733031    
   1847080.00      0.999736547    
   1858326.12      0.999732435    
   1869572.38      0.999733031    
   1880818.50      0.999727607    
   1892064.62      0.999729693    
   1903310.88      0.999726474    
   1914557.12      0.999722600    
   1925803.50      0.999721825    
   1937049.88      0.999719799    
   1948296.38      0.999719918    
   1959542.50      0.999720752    
   1970788.62      0.999719799    
   1982034.75      0.999719381    
   1993281.00      0.999723434    
   2004527.00      0.999720633    
   2015773.12      0.999718845    
   2027019.38      0.999712527    
   2038265.62      0.999713719    
   2049511.62      0.999706805    
   2060757.88      0.999708474    
   2072004.12      0.999709070    
   2083250.25      0.999700725    
   2094496.50      0.999695301    
   2105743.00      0.999691248    
   2116989.25      0.999682367    
   2128235.75      0.999681652    
   2139481.75      0.999676108    
   2150728.00      0.999675155    
   2161974.00      0.999679744    
   2173220.25      0.999677598    
   2184466.50      0.999671698    
   2195712.75      0.999672830    
   2206958.75      0.999668598    
   2218205.00      0.999672174    
   2229451.25      0.999666750    
   2240697.25      0.999668896    
   2251943.50      0.999661207    
   2263189.75      0.999666214    
   2274436.25      0.999664366    
   2285682.50      0.999657750    
   2296929.00      0.999665201    
   2308175.25      0.999660850    
   2319421.50      0.999669552    
   2330667.75      0.999666274    
   2341914.00      0.999661624    
   2353160.25      0.999669254    
   2364406.25      0.999667346    
   2375652.50      0.999670625    
   2386898.75      0.999669790    
   2398144.75      0.999673843    
   2409391.00      0.999673545    
   2420637.25      0.999670565    
   2431883.25      0.999666989    
   2443130.00      0.999669731    
   2454376.25      0.999665201    
   2465622.75      0.999665380    
   2476869.00      0.999658823    
   2488115.25      0.999655247    
   2499361.50      0.999652624    
   2510607.75      0.999656141    
   2521853.75      0.999654770    
   2533100.00      0.999647617    
   2544346.25      0.999640405    
   2555592.25      0.999638677    
   2566838.50      0.999637842    
   2578084.75      0.999634027    
   2589331.00      0.999635160    
   2600577.00      0.999629080    
   2611823.25      0.999632418    
   2623069.75      0.999628246    
   2634316.25      0.999632180    
   2645562.50      0.999631405    
   2656809.00      0.999622881    
   2668055.25      0.999619603    
   2679301.25      0.999625683    
   2690547.50      0.999619305    
   2701793.50      0.999627709    
   2713039.75      0.999621212    
   2724286.00      0.999619067    
   2735532.25      0.999613881    
   2746778.25      0.999613106    
   2758024.25      0.999607384    
   2769270.50      0.999610126    
   2780516.75      0.999606252    
   2791763.25      0.999607861    
   2803009.50      0.999604821    
   2814256.00      0.999607980    
   2825502.50      0.999600768    
   2836748.75      0.999589086    
   2847995.25      0.999590635    
   2859241.25      0.999586284    
   2870487.25      0.999587119    
   2881733.50      0.999571741    
   2892979.50      0.999566019    
   2904226.00      0.999570370    
   2915472.25      0.999568224    
   2926718.50      0.999569535    
   2937964.50      0.999565184    
   2949210.50      0.999559641    
   2960457.00      0.999560297    
   2971703.25      0.999557674    
   2982949.75      0.999556780    
   2994196.25      0.999556303    
   3005442.25      0.999559104    
   3016688.25      0.999560714    
   3027934.75      0.999566495    
   3039181.00      0.999562860    
   3050427.25      0.999559760    
   3061673.25      0.999554753    
   3072919.25      0.999553740    
   3084165.50      0.999547601    
   3095411.75      0.999546051    
   3106658.25      0.999551296    
   3117904.25      0.999546230    
   3129150.50      0.999547601    
   3140396.75      0.999546826    
   3151643.25      0.999550760    
   3162889.50      0.999562025    
   3174135.75      0.999563992    
   3185381.75      0.999556065    
   3196627.75      0.999555945    
   3207874.00      0.999564767    
   3219120.25      0.999571562    
   3230366.75      0.999571621    
   3241612.75      0.999564350    
   3252859.00      0.999571025    
   3264105.00      0.999562919    
   3275351.00      0.999571562    
   3286597.00      0.999566734    
   3297843.50      0.999574304    
   3309090.00      0.999568224    
   3320336.25      0.999566257    
   3331582.75      0.999558389    
   3342829.00      0.999553919    
   3354075.50      0.999560237    
   3365321.50      0.999559045    
   3376567.75      0.999555945    
   3387813.75      0.999563992    
   3399059.75      0.999570251    
   3410306.00      0.999567032    
   3421552.25      0.999568880    
   3432798.75      0.999571085    
   3444044.75      0.999578953    
   3455291.00      0.999580443    
   3466537.00      0.999574304    
   3477783.00      0.999569714    
   3489029.50      0.999569774    
   3500275.75      0.999577463    
   3511522.25      0.999573946    
   3522768.25      0.999574900    
   3534014.50      0.999576211    
   3545260.75      0.999580741    
   3556507.00      0.999584436    
   3567753.00      0.999576509    
   3578999.00      0.999576330    
   3590245.00      0.999572992    
   3601491.25      0.999569774    
   3612737.50      0.999566555    
   3623984.00      0.999569118    
   3635230.00      0.999565661    
   3646476.25      0.999574184    
   3657722.25      0.999574423    
   3668968.75      0.999568045    
   3680215.00      0.999571681    
   3691461.50      0.999572396    
   3702707.50      0.999572039    
   3713953.50      0.999563813    
   3725199.75      0.999558389    
   3736446.00      0.999556363    
   3747692.50      0.999569237    
   3758938.50      0.999567509    
   3770184.75      0.999562025    
   3781430.75      0.999559224    
   3792676.75      0.999554992    
   3803923.25      0.999556303    
   3815169.50      0.999554574    
   3826415.75      0.999557137    
   3837661.75      0.999548435    
   3848908.25      0.999552310    
   3860154.50      0.999544144    
   3871401.00      0.999545872    
   3882647.00      0.999545753    
   3893893.00      0.999549031    
   3905139.25      0.999553144    
   3916385.25      0.999541700    
   3927631.75      0.999541879    
   3938878.00      0.999548256    
   3950124.25      0.999543548    
   3961370.25      0.999542177    
   3972616.25      0.999540508    
   3983862.50      0.999534428    
   3995108.50      0.999528825    
   4006355.00      0.999522865    
   4017601.25      0.999526799    
   4028847.75      0.999531984    
   4040094.00      0.999533892    
   4051340.50      0.999528348    
   4062587.00      0.999518871    
   4073833.00      0.999517798    
   4085079.00      0.999515176    
   4096325.00      0.999510825    
   4107571.25      0.999509513    
   4118817.50      0.999506176    
   4130064.00      0.999508798    
   4141310.00      0.999504983    
   4152556.25      0.999508798    
   4163802.25      0.999512911    
   4175048.25      0.999509335    
   4186294.50      0.999509573    
   4197541.00      0.999514222    
   4208787.00      0.999512732    
   4220033.50      0.999509513    
   4231279.50      0.999511957    
   4242526.00      0.999512851    
   4253772.50      0.999512792    
   4265018.50      0.999513805    
   4276264.50      0.999516547    
   4287510.50      0.999521315    
   4298757.00      0.999518991    
   4310003.00      0.999519944    
   4321249.50      0.999518573    
   4332495.50      0.999520242    
   4343742.00      0.999518514    
   4354988.00      0.999525428    
   4366234.00      0.999526083    
   4377480.50      0.999520540    
   4388727.00      0.999517202    
   4399973.50      0.999526381    
   4411219.50      0.999524236    
   4422465.50      0.999526739    
   4433711.50      0.999526978    
   4444958.00      0.999524713    
   4456204.50      0.999525666    
   4467450.50      0.999525011    
   4478696.50      0.999528408    
   4489942.50      0.999525666    
   4501189.00      0.999523759    
   4512435.00      0.999521434    
   4523681.50      0.999521732    
   4534927.50      0.999519169    
   4546174.00      0.999518156    
   4557420.50      0.999515533    
   4568667.00      0.999519527    
   4579913.50      0.999513090    
   4591159.50      0.999506295    
   4602406.00      0.999503195    
   4613652.00      0.999507368    
   4624898.00      0.999504268    
   4636144.50      0.999504626    
   4647390.50      0.999505639    
   4658637.00      0.999508739    
   4669883.00      0.999510884    
   4681129.00      0.999508500    
   4692375.00      0.999502718    
   4703621.50      0.999502778    
   4714868.00      0.999496818    
   4726114.00      0.999494016    
   4737360.50      0.999492466    
   4748607.00      0.999489903    
   4759853.50      0.999486685    
   4771100.00      0.999486446    
   4782346.00      0.999487460    
   4793592.00      0.999490380    
   4804838.00      0.999484479    
   4816084.00      0.999484718    
   4827330.50      0.999484658    
   4838577.00      0.999481022    
   4849823.00      0.999472976    
   4861069.00      0.999479115    
   4872315.00      0.999471128    
   4883561.50      0.999470234    
   4894807.50      0.999468029    
   4906054.00      0.999471486    
   4917300.50      0.999466717    
   4928546.50      0.999462128    
   4939792.50      0.999468982    
   4951039.00      0.999472737    
   4962285.50      0.999463260    
   4973531.50      0.999459982    
   4984777.50      0.999463797    
   4996023.50      0.999461055    
   5007270.00      0.999455810    
   5018516.00      0.999456882    
   5029762.00      0.999455929    
   5041008.50      0.999456346    
   5052254.50      0.999458611    
   5063501.00      0.999459207    
   5074747.00      0.999459922    
   5085993.50      0.999453604    
   5097240.00      0.999456108    
   5108486.00      0.999459505    
   5119732.00      0.999463975    
   5130978.00      0.999465585    
   5142224.50      0.999466538    
   5153471.00      0.999470234    
   5164717.50      0.999471366    
   5175963.50      0.999475479    
   5187209.50      0.999479651    
   5198455.50      0.999483883    
   5209702.00      0.999479592    
   5220948.00      0.999479532    
   5232194.50      0.999473572    
   5243440.50      0.999472678    
   5254687.00      0.999477923    
   5265933.50      0.999483943    
   5277180.00      0.999487758    
   5288426.00      0.999492168    
   5299672.00      0.999496758    
   5310918.00      0.999496758    
   5322164.00      0.999499142    
   5333410.00      0.999492466    
   5344656.50      0.999497592    
   5355903.00      0.999492705    
   5367149.00      0.999492407    
   5378395.50      0.999492168    
   5389641.50      0.999488533    
   5400887.50      0.999483943    
   5412134.00      0.999486387    
   5423380.00      0.999486744    
   5434626.50      0.999488473    
   5445872.50      0.999491096    
   5457118.50      0.999495983    
   5468365.00      0.999496996    
   5479611.00      0.999500036    
   5490857.00      0.999504626    
   5502103.00      0.999501705    
   5513350.00      0.999509513    
   5524596.00      0.999511778    
   5535842.00      0.999516547    
   5547088.00      0.999513686    
   5558334.00      0.999519944    
   5569581.00      0.999527276    
   5580827.00      0.999521494    
   5592073.00      0.999520063    
   5603319.00      0.999521732    
   5614566.00      0.999518633    
   5625812.00      0.999520242    
   5637058.50      0.999520183    
   5648304.50      0.999530077    
   5659550.50      0.999529958    
   5670797.00      0.999532104    
   5682043.00      0.999527991    
   5693289.50      0.999519110    
   5704535.50      0.999526083    
   5715782.00      0.999521613    
   5727028.00      0.999513328    
   5738274.00      0.999508977    
   5749520.00      0.999504626    
   5760766.00      0.999500453    
   5772013.00      0.999504268    
   5783259.00      0.999503553    
   5794505.50      0.999503851    
   5805751.50      0.999508202    
   5816998.50      0.999510050    
   5828244.50      0.999501407    
   5839490.50      0.999496520    
   5850736.50      0.999493718    
   5861982.50      0.999494553    
   5873229.00      0.999498308    
   5884475.00      0.999491274    
   5895721.50      0.999489307    
   5906967.50      0.999480009    
   5918214.00      0.999484479    
   5929460.00      0.999490380    
   5940706.00      0.999491811    
   5951952.00      0.999494195    
   5963198.00      0.999504149    
   5974445.00      0.999499440    
   5985691.00      0.999495447    
   5996937.00      0.999504328    
   6008183.00      0.999500811    
   6019430.00      0.999500215    
   6030676.00      0.999490678    
   6041922.00      0.999484718    
   6053168.00      0.999483466    
   6064414.00      0.999477148    
   6075660.00      0.999470115    
   6086906.00      0.999475181    
   6098153.00      0.999471962    
   6109399.00      0.999470592    
   6120645.00      0.999468863    
   6131891.00      0.999466658    
   6143138.00      0.999458611    
   6154384.50      0.999459743    
   6165630.50      0.999461949    
   6176877.00      0.999463439    
   6188123.00      0.999462962    
   6199369.00      0.999457479    
   6210615.00      0.999449492    
   6221862.00      0.999451220    
   6233108.00      0.999445975    
   6244354.00      0.999440253    
   6255600.00      0.999441445    
   6266846.00      0.999426126    
   6278093.00      0.999430239    
   6289339.00      0.999433577    
   6300585.50      0.999431908    
   6311831.50      0.999430537    
   6323078.50      0.999434114    
   6334324.50      0.999433994    
   6345570.50      0.999432206    
   6356816.50      0.999427438    
   6368062.50      0.999424160    
   6379309.00      0.999415755    
   6390555.00      0.999417067    
   6401801.50      0.999415874    
   6413047.50      0.999415576    
   6424294.00      0.999412596    
   6435540.00      0.999412596    
   6446786.00      0.999409318    
   6458032.00      0.999412715    
   6469278.00      0.999414742    
   6480525.00      0.999412239    
   6491771.00      0.999407828    
   6503017.50      0.999400377    
   6514263.50      0.999400020    
   6525510.50      0.999397516    
   6536756.50      0.999398589    
   6548002.50      0.999403715    
   6559248.50      0.999391317    
   6570494.50      0.999395370    
   6581741.00      0.999388576    
   6592987.00      0.999392033    
   6604233.50      0.999405980    
   6615479.50      0.999410391    
   6626726.50      0.999410868    
   6637972.50      0.999405086    
   6649219.00      0.999398351    
   6660465.50      0.999397874    
   6671711.50      0.999394238    
   6682958.00      0.999390244    
   6694204.00      0.999391556    
   6705450.00      0.999401093    
   6716696.50      0.999404371    
   6727943.00      0.999401987    
   6739189.00      0.999396682    
   6750435.00      0.999389112    
   6761681.50      0.999386191    
   6772927.50      0.999386013    
   6784173.50      0.999387443    
   6795419.50      0.999385238    
   6806666.00      0.999388814    
   6817912.50      0.999386668    
   6829159.00      0.999390423    
   6840405.00      0.999382913    
   6851652.00      0.999383688    
   6862898.00      0.999390006    
   6874144.00      0.999389648    
   6885390.00      0.999383330    
   6896636.00      0.999382317    
   6907882.00      0.999383032    
   6919128.50      0.999378979    
   6930374.50      0.999382913    
   6941620.50      0.999386013    
   6952867.00      0.999384642    
   6964113.50      0.999378681    
   6975360.00      0.999375224    
   6986606.50      0.999376774    
   6997853.00      0.999376118    
   7009099.50      0.999374032    
   7020345.50      0.999377966    
   7031592.50      0.999379277    
   7042838.50      0.999379635    
   7054084.50      0.999375284    
   7065330.50      0.999377072    
   7076576.50      0.999383450    
   7087822.50      0.999382794    
   7099069.00      0.999379039    
   7110315.50      0.999370813    
   7121561.50      0.999371290    
   7132808.50      0.999365449    
   7144054.50      0.999372125    
   7155301.00      0.999375224    
   7166547.00      0.999365985    
   7177793.50      0.999361336    
   7189039.50      0.999359131    
   7200285.50      0.999364078    
   7211531.50      0.999363542    
   7222777.50      0.999363840    
   7234024.50      0.999368846    
   7245270.50      0.999370873    
   7256516.50      0.999365628    
   7267762.50      0.999363780    
   7279009.50      0.999361932    
   7290255.50      0.999362469    
   7301501.50      0.999368370    
   7312748.00      0.999373257    
   7323994.00      0.999376059    
   7335241.00      0.999371767    
   7346487.00      0.999368072    
   7357734.00      0.999368310    
   7368980.00      0.999362767    
   7380226.00      0.999372005    
   7391472.00      0.999372959    
   7402718.00      0.999374330    
   7413964.00      0.999372005    
   7425210.00      0.999361873    
   7436457.00      0.999367058    
   7447703.00      0.999368429    
   7458950.00      0.999363303    
   7470196.00      0.999368429    
   7481442.50      0.999371290    
   7492689.50      0.999366999    
   7503935.50      0.999364138    
   7515181.50      0.999368846    
   7526427.50      0.999372005    
   7537673.50      0.999377012    
   7548919.50      0.999378979    
   7560166.50      0.999371111    
   7571412.50      0.999380469    
   7582658.50      0.999374688    
   7593904.50      0.999377906    
   7605151.50      0.999375939    
   7616398.00      0.999376059    
   7627644.00      0.999373376    
   7638891.00      0.999363244    
   7650137.00      0.999364793    
   7661383.50      0.999366939    
   7672630.00      0.999365389    
   7683876.50      0.999368370    
   7695122.50      0.999369442    
   7706368.50      0.999365211    
   7717614.50      0.999361098    
   7728861.00      0.999358952    
   7740107.50      0.999357402    
   7751353.50      0.999360025    
   7762599.50      0.999356151    
   7773846.00      0.999357283    
   7785092.50      0.999355555    
   7796338.50      0.999341369    
   7807585.50      0.999337614    
   7818832.00      0.999342263    
   7830078.00      0.999339521    
   7841324.00      0.999331594    
   7852570.00      0.999329627    
   7863817.00      0.999326944    
   7875063.00      0.999324501    
   7886309.00      0.999323785    
   7897555.00      0.999328256    
   7908801.50      0.999326706    
   7920047.50      0.999332488    
   7931293.50      0.999340534    
   7942540.00      0.999337435    
   7953786.00      0.999345720    
   7965033.00      0.999347448    
   7976279.00      0.999350429    
   7987526.00      0.999353886    
   7998772.00      0.999348998    
   8010018.00      0.999347866    
   8021264.00      0.999350607    
   8032510.00      0.999346137    
   8043756.00      0.999349058    
   8055002.00      0.999349594    
   8066249.00      0.999352396    
   8077495.00      0.999354124    
   8088741.00      0.999357164    
   8099987.00      0.999354541    
   8111234.00      0.999351442    
   8122480.00      0.999348998    
   8133726.00      0.999339342    
   8144973.00      0.999344647    
   8156219.00      0.999349236    
   8167465.00      0.999350131    
   8178711.00      0.999353051    
   8189958.00      0.999353647    
   8201204.00      0.999357760    
   8212450.00      0.999360144    
   8223696.00      0.999360263    
   8234942.00      0.999361038    
   8246188.00      0.999358356    
   8257434.00      0.999352098    
   8268681.00      0.999359667    
   8279927.00      0.999361098    
   8291173.00      0.999363124    
   8302419.00      0.999360144    
   8313666.00      0.999362767    
   8324912.50      0.999362230    
   8336158.50      0.999359906    
   8347405.00      0.999359131    
   8358651.00      0.999365330    
   8369897.00      0.999366701    
   8381143.00      0.999362230    
   8392389.00      0.999363840    
   8403635.00      0.999365151    
   8414881.00      0.999362230    
   8426127.00      0.999362230    
   8437373.00      0.999371350    
   8448620.00      0.999374211    
   8459866.00      0.999373555    
   8471112.00      0.999377489    
   8482358.00      0.999377191    
   8493605.00      0.999374449    
   8504851.00      0.999371946    
   8516097.00      0.999361336    
   8527343.00      0.999357760    
   8538589.00      0.999356031    
   8549836.00      0.999357939    
   8561082.00      0.999360442    
   8572328.00      0.999362230    
   8583574.00      0.999360204    
   8594820.00      0.999356925    
   8606067.00      0.999352813    
   8617313.00      0.999352396    
   8628559.00      0.999355376    
   8639805.00      0.999349236    
   8651052.00      0.999353230    
   8662298.00      0.999356925    
   8673544.00      0.999353588    
   8684790.00      0.999352098    
   8696036.00      0.999351203    
   8707283.00      0.999345541    
   8718529.00      0.999339283    
   8729775.00      0.999335110    
   8741021.00      0.999333560    
   8752267.00      0.999331892    
   8763513.00      0.999327064    
   8774760.00      0.999317527    
   8786006.00      0.999322593    
   8797252.00      0.999319375    
   8808498.00      0.999315202    
   8819744.00      0.999320984    
   8830991.00      0.999314249    
   8842237.00      0.999313653    
   8853484.00      0.999311686    
   8864730.00      0.999316931    
   8875976.00      0.999311447    
   8887222.00      0.999315262    
   8898468.00      0.999317706    
   8909715.00      0.999323189    
   8920961.00      0.999324977    
   8932207.00      0.999328673    
   8943453.00      0.999330163    
   8954699.00      0.999330878    
   8965945.00      0.999341190    
   8977192.00      0.999341190    
   8988438.00      0.999342263    
   8999684.00      0.999337256    
   9010931.00      0.999337018    
   9022177.00      0.999334097    
   9033424.00      0.999332428    
   9044670.00      0.999329209    
   9055916.00      0.999334276    
   9067162.00      0.999336421    
   9078408.00      0.999337077    
   9089654.00      0.999336243    
   9100900.00      0.999337614    
   9112147.00      0.999336958    
   9123393.00      0.999338627    
   9134639.00      0.999337018    
   9145885.00      0.999336541    
   9157132.00      0.999336064    
   9168378.00      0.999335647    
   9179624.00      0.999336004    
   9190870.00      0.999326944    
   9202117.00      0.999323964    
   9213363.00      0.999322116    
   9224609.00      0.999318063    
   9235855.00      0.999322414    
   9247101.00      0.999323666    
   9258348.00      0.999330759    
   9269594.00      0.999329507    
   9280840.00      0.999330819    
   9292086.00      0.999332249    
   9303332.00      0.999333978    
   9314579.00      0.999339700    
   9325825.00      0.999346614    
   9337071.00      0.999348462    
   9348317.00      0.999338686    
   9359564.00      0.999337852    
   9370810.00      0.999344051    
   9382056.00      0.999345601    
   9393302.00      0.999343634    
   9404549.00      0.999345303    
   9415795.00      0.999347150    
   9427041.00      0.999341965    
   9438287.00      0.999344885    
   9449533.00      0.999343872    
   9460780.00      0.999336421    
   9472026.00      0.999330699    
   9483272.00      0.999336720    
   9494518.00      0.999333501    
   9505764.00      0.999336600    
   9517011.00      0.999337912    
   9528257.00      0.999333620    
   9539503.00      0.999335110    
   9550749.00      0.999334633    
   9561996.00      0.999327898    
   9573242.00      0.999327540    
   9584488.00      0.999338329    
   9595734.00      0.999337018    
   9606980.00      0.999338448    
   9618227.00      0.999333560    
   9629473.00      0.999331713    
   9640719.00      0.999334514    
   9651965.00      0.999337554    
   9663212.00      0.999336004    
   9674458.00      0.999331117    
   9685704.00      0.999328256    
   9696950.00      0.999325573    
   9708197.00      0.999330342    
   9719443.00      0.999327898    
   9730689.00      0.999330163    
   9741935.00      0.999330223    
   9753181.00      0.999330342    
   9764428.00      0.999336183    
   9775674.00      0.999336481    
   9786920.00      0.999338090    
   9798166.00      0.999340534    
   9809412.00      0.999344766    
   9820659.00      0.999337971    
   9831905.00      0.999340892    
   9843151.00      0.999338925    
   9854397.00      0.999344110    
   9865644.00      0.999346018    
   9876890.00      0.999350905    
   9888137.00      0.999342024    
   9899383.00      0.999344110    
   9910630.00      0.999351740    
   9921876.00      0.999357700    
   9933122.00      0.999361098    
   9944368.00      0.999351799    
   9955614.00      0.999350369    
   9966860.00      0.999350488    
   9978106.00      0.999349415    
   9989353.00      0.999350369    
   10000599.0      0.999351442    
   10011846.0      0.999353886    
   10023092.0      0.999355853    
   10034339.0      0.999358356    
   10045585.0      0.999356508    
   10056831.0      0.999357045    
   10068077.0      0.999351203    
   10079324.0      0.999348700    
   10090570.0      0.999348223    
   10101816.0      0.999350965    
   10113062.0      0.999350905    
   10124308.0      0.999349117    
   10135555.0      0.999349773    
   10146801.0      0.999344110    
   10158047.0      0.999345064    
   10169293.0      0.999344110    
   10180539.0      0.999346375    
   10191786.0      0.999347448    
   10203032.0      0.999345541    
   10214278.0      0.999347866    
   10225524.0      0.999349892    
   10236771.0      0.999348998    
   10248017.0      0.999351442    
   10259263.0      0.999353945    
   10270509.0      0.999353886    
   10281756.0      0.999351799    
   10293002.0      0.999355793    
   10304248.0      0.999354303    
   10315494.0      0.999348462    
   10326740.0      0.999343336    
   10337987.0      0.999347448    
   10349233.0      0.999352872    
   10360480.0      0.999351740    
   10371727.0      0.999346316    
   10382973.0      0.999352217    
   10394219.0      0.999350905    
   10405465.0      0.999348402    
   10416711.0      0.999342859    
   10427957.0      0.999335349    
   10439204.0      0.999326527    
   10450450.0      0.999332070    
   10461696.0      0.999326944    
   10472942.0      0.999327302    
   10484189.0      0.999329209    
   10495436.0      0.999325573    
   10506682.0      0.999327302    
   10517928.0      0.999322832    
   10529174.0      0.999323368    
   10540421.0      0.999317169    
   10551667.0      0.999315321    
   10562913.0      0.999312520    
   10574159.0      0.999309540    
   10585405.0      0.999305785    
   10596652.0      0.999301851    
   10607898.0      0.999297857    
   10619144.0      0.999295712    
   10630390.0      0.999297559    
   10641636.0      0.999297738    
   10652883.0      0.999295712    
   10664129.0      0.999290824    
   10675375.0      0.999292433    
   10686621.0      0.999299467    
   10697868.0      0.999300003    
   10709114.0      0.999293208    
   10720361.0      0.999298453    
   10731607.0      0.999300182    
   10742853.0      0.999293447    
   10754099.0      0.999287486    
   10765345.0      0.999290228    
   10776591.0      0.999288261    
   10787837.0      0.999285042    
   10799084.0      0.999288857    
   10810330.0      0.999284804    
   10821576.0      0.999287844    
   10832822.0      0.999283373    
   10844068.0      0.999293506    
   10855314.0      0.999294460    
   10866560.0      0.999294221    
   10877806.0      0.999304652    
   10889052.0      0.999302387    
   10900298.0      0.999294579    
   10911544.0      0.999288023    
   10922790.0      0.999289453    
   10934036.0      0.999291301    
   10945283.0      0.999285936    
   10956529.0      0.999289095    
   10967775.0      0.999288917    
   10979022.0      0.999290645    
   10990268.0      0.999298036    
   11001514.0      0.999299526    
   11012762.0      0.999293506    
   11024008.0      0.999291182    
   11035254.0      0.999292850    
   11046500.0      0.999287844    
   11057747.0      0.999287486    
   11068993.0      0.999289989    
   11080239.0      0.999297738    
   11091485.0      0.999291360    
   11102733.0      0.999296248    
   11113979.0      0.999293506    
   11125225.0      0.999292195    
   11136472.0      0.999291480    
   11147718.0      0.999300361    
   11158964.0      0.999300182    
   11170211.0      0.999301195    
   11181458.0      0.999299645    
   11192704.0      0.999306083    
   11203950.0      0.999300897    
   11215197.0      0.999296010    
   11226444.0      0.999300063    
   11237690.0      0.999301076    
   11248936.0      0.999297321    
   11260183.0      0.999301672    
   11271429.0      0.999315083    
   11282675.0      0.999306500    
   11293921.0      0.999302208    
   11305169.0      0.999304056    
   11316415.0      0.999302983    
   11327661.0      0.999300718    
   11338908.0      0.999299228    
   11350154.0      0.999295115    
   11361400.0      0.999292612    
   11372646.0      0.999294341    
   11383894.0      0.999286056    
   11395140.0      0.999284804    
   11406386.0      0.999279380    
   11417632.0      0.999270916    
   11428879.0      0.999267876    
   11440125.0      0.999262989    
   11451372.0      0.999263227    
   11462619.0      0.999263823    
   11473865.0      0.999260187    
   11485111.0      0.999255538    
   11496357.0      0.999264956    
   11507604.0      0.999265492    
   11518851.0      0.999260783    
   11530097.0      0.999262214    
   11541343.0      0.999260783    
   11552589.0      0.999256670    
   11563835.0      0.999254823    
   11575081.0      0.999258041    
   11586327.0      0.999262035    
   11597573.0      0.999258816    
   11608819.0      0.999256730    
   11620065.0      0.999254227    
   11631313.0      0.999250174    
   11642559.0      0.999252677    
   11653805.0      0.999253154    
   11665051.0      0.999248445    
   11676297.0      0.999253452    
   11687543.0      0.999258339    
   11698789.0      0.999259591    
   11710035.0      0.999259472    
   11721281.0      0.999258876    
   11732527.0      0.999257982    
   11743773.0      0.999260426    
   11755020.0      0.999248803    
   11766266.0      0.999252617    
   11777512.0      0.999261677    
   11788759.0      0.999258518    
   11800005.0      0.999255955    
   11811251.0      0.999257684    
   11822497.0      0.999248028    
   11833743.0      0.999235332    
   11844989.0      0.999237299    
   11856236.0      0.999232948    
   11867482.0      0.999232352    
   11878728.0      0.999236703    
   11889974.0      0.999234259    
   11901220.0      0.999233782    
   11912466.0      0.999231696    
   11923712.0      0.999231875    
   11934958.0      0.999229133    
   11946204.0      0.999234378    
   11957450.0      0.999236524    
   11968696.0      0.999236882    
   11979942.0      0.999234259    
   11991188.0      0.999234617    
   12002435.0      0.999232769    
   12013681.0      0.999234915    
   12024927.0      0.999233007    
   12036173.0      0.999235451    
   12047419.0      0.999233782    
   12058665.0      0.999231577    
   12069911.0      0.999234796    
   12081157.0      0.999238610    
   12092403.0      0.999237001    
   12103649.0      0.999233425    
   12114897.0      0.999237657    
   12126143.0      0.999234438    
   12137389.0      0.999235332    
   12148636.0      0.999234319    
   12159882.0      0.999233246    
   12171128.0      0.999237597    
   12182374.0      0.999237299    
   12193620.0      0.999239802    
   12204867.0      0.999229729    
   12216113.0      0.999232113    
   12227359.0      0.999236763    
   12238605.0      0.999237001    
   12249851.0      0.999235451    
   12261097.0      0.999230802    
   12272344.0      0.999223709    
   12283590.0      0.999228895    
   12294836.0      0.999234438    
   12306083.0      0.999234974    
   12317330.0      0.999239743    
   12328576.0      0.999241233    
   12339822.0      0.999237537    
   12351068.0      0.999237835    
   12362314.0      0.999232948    
   12373560.0      0.999233305    
   12384806.0      0.999237776    
   12396054.0      0.999240518    
   12407300.0      0.999240696    
   12418546.0      0.999245405    
   12429792.0      0.999248981    
   12441038.0      0.999253392    
   12452284.0      0.999259770    
   12463530.0      0.999263227    
   12474778.0      0.999267876    
   12486024.0      0.999267519    
   12497270.0      0.999271750    
   12508516.0      0.999267101    
   12519763.0      0.999267340    
   12531009.0      0.999267399    
   12542255.0      0.999273002    
   12553501.0      0.999273896    
   12564748.0      0.999276400    
   12575994.0      0.999273539    
   12587240.0      0.999277174    
   12598487.0      0.999274075    
   12609733.0      0.999274969    
   12620979.0      0.999270082    
   12632225.0      0.999271214    
   12643473.0      0.999271154    
   12654719.0      0.999272585    
   12665965.0      0.999282360    
   12677211.0      0.999277174    
   12688457.0      0.999277055    
   12699703.0      0.999269724    
   12710949.0      0.999272287    
   12722196.0      0.999270558    
   12733443.0      0.999268651    
   12744689.0      0.999272764    
   12755935.0      0.999267817    
   12767181.0      0.999269962    
   12778427.0      0.999278486    
   12789673.0      0.999275386    
   12800919.0      0.999269962    
   12812165.0      0.999264061    
   12823411.0      0.999270916    
   12834657.0      0.999280572    
   12845905.0      0.999274969    
   12857151.0      0.999263465    
   12868397.0      0.999259174    
   12879643.0      0.999258578    
   12890889.0      0.999255598    
   12902135.0      0.999256372    
   12913381.0      0.999256909    
   12924628.0      0.999257267    
   12935875.0      0.999253988    
   12947121.0      0.999256313    
   12958367.0      0.999256313    
   12969613.0      0.999255240    
   12980859.0      0.999248147    
   12992105.0      0.999242961    
   13003352.0      0.999235511    
   13014598.0      0.999231517    
   13025844.0      0.999222577    
   13037091.0      0.999224722    
   13048338.0      0.999221623    
   13059584.0      0.999219835    
   13070830.0      0.999227047    
   13082076.0      0.999219894    
   13093322.0      0.999220610    
   13104568.0      0.999218702    
   13115814.0      0.999214709    
   13127060.0      0.999219000    
   13138307.0      0.999221802    
   13149553.0      0.999215841    
   13160799.0      0.999218583    
   13172045.0      0.999222696    
   13183291.0      0.999217272    
   13194537.0      0.999214888    
   13205783.0      0.999210835    
   13217029.0      0.999214947    
   13228275.0      0.999211967    
   13239521.0      0.999210954    
   13250767.0      0.999214768    
   13262013.0      0.999225020    
   13273260.0      0.999226153    
   13284506.0      0.999226809    
   13295752.0      0.999226153    
   13306998.0      0.999221861    
